18 87 20 78 27 6
14 49 80 47 75 89
9 81 36 11 42 25

46 36 79 24
34 13 96 40
51 7 11 27

48 87 32 40 20
84 22 18 72 86
97 33 60 100 40

92 93 30
25 73 50
95 56 84

7
92
28

37 88 22
36 86 21
70 73 33

54 65 60 27 3
17 33 100 90 15
16 99 65 9 13

54 20 21 66 84 92
26 75 69 10 60 82
49 73 8 24 54 40

14 1 97
100 81 21
89 33 67

22 24 14 23
48 90 25 37
87 33 75 32

59 1
28 36
20 33

69 56 8 10 89
49 59 92 95 22
14 58 9 44 94

80 75
10 87
36 65

92 62 62 8 46 34
100 13 30 17 8 80
5 82 7 5 52 26

5 53 45 39 83
47 18 38 66 52
27 33 9 77 14

67 34 55 76
15 3 82 14
100 44 93 26

63 26 74 63
7 51 22 54
20 36 38 74

81 91 42 81
11 33 10 71
22 46 32 1

10 9 79 70
21 22 59 12
83 6 8 85

11 5 81
97 66 23
91 41 93

69 86
34 97
11 76

97 3 40 35 57 44 87
52 84 81 77 9 39 46
64 2 53 7 23 33 92

33 40 41 1 42 36
35 79 36 17 81 65
66 13 58 49 12 46

45 9
98 44
10 25

100 3 48
89 30 33
52 20 68

66 90 65 78 83 73
57 82 57 47 82 91
2 82 30 61 3 12

74 75
51 58
50 46

97 92 72 55
33 82 92 24
2 45 80 56

21
44
67

100 28 22 17 58
100 70 58 36 42
19 52 77 88 62

13 86 43
88 91 60
74 54 63

75 85 58
14 98 75
43 55 60

81 2 87 100 43
99 81 38 46 85
15 98 42 91 15

25 21 61 6 35 42
46 52 33 27 89 60
62 28 19 88 3 21

12 41 100 51 71 95
53 100 54 61 71 98
42 89 72 14 92 50

16 11 13 78 95 32
3 79 98 43 98 14
12 9 48 27 16 43

22 20 65 97 24 14 49
91 32 97 43 48 1 66
30 28 80 1 31 16 49

94 37 9 34 44 48
42 53 59 76 67 4
89 4 98 86 12 84

14 38
31 21
97 21

40 3 31 93 15 91 31
76 38 99 65 80 98 49
46 51 76 87 59 29 64

26 92 78 49
60 85 15 18
27 57 49 32

84 21 78 63 18
26 41 10 13 79
11 17 12 19 22

21 3 88 37 55 13
42 38 10 72 93 34
42 69 70 89 26 86

33 14
77 90
62 18

70
22
27

1 47
81 14
61 53

25
8
86

35 61 13 55 88
48 66 14 98 33
60 93 59 47 94

53 46 12 86 93 66 63
19 1 96 90 29 85 26
94 51 71 19 66 95 80

91 6 34 17
11 47 73 87
13 14 10 85

70 78 42
52 58 93
25 72 11

12 74 24 22 81 59 99
42 28 25 79 78 33 45
13 86 92 67 90 22 70

6
12
75

37 73 18
39 25 76
100 49 80

71 6 91 72
83 24 6 58
36 100 22 94

45 90 31 2 97
89 48 47 13 96
71 79 51 89 51

74 40
17 85
83 67

21 69 5 41
51 8 13 28
70 97 76 16

47 30 30 88 23
26 18 94 95 52
91 61 47 31 34

57
85
1

21
86
88

30 16 73 65 71
6 67 84 84 21
62 68 98 92 87

86 61 91 30 60
31 77 37 36 30
71 64 98 26 85

90
22
73

16
79
25

68 58 83 7 38 86 29
40 96 36 67 79 14 74
68 43 21 10 68 69 37

66
20
34

61
80
93

25 53
27 64
63 74

92 10 99
78 82 29
72 65 3

99 24 40
73 28 8
18 22 69

44 88 100 51 17
9 51 19 69 4
55 60 85 19 98

66
29
38

87 43 36 59 51 67
14 51 48 59 13 51
83 52 57 87 61 66

76 71 35 42
40 87 74 36
43 98 23 72

71 87 26
69 80 89
85 16 86

31 34 37 22 56 22 1
32 40 52 10 15 91 85
35 25 19 47 82 31 100

37 37 75 4 74 34
83 79 59 81 75 86
83 4 10 74 70 74

71
83
21

1 38 76
55 11 5
29 48 76

31
40
81

60
55
17

9 74 98 51 10 71
39 87 48 69 53 29
11 4 16 62 25 50

93 29 19 66
80 45 29 24
60 44 85 25

38
67
41

82 43 54 88 75 7 85
56 72 83 7 85 94 31
6 21 29 70 10 42 37

42 81 10
56 11 74
11 36 82

41
29
47

33
50
43

100 11
72 54
74 39

97 82 20 88 19 92 81
24 7 64 42 39 77 63
14 30 39 4 89 90 82

50 34 75 94
94 71 35 63
34 46 5 19

29
64
7

33 6
41 55
88 15

40
77
3

24 20
59 33
46 12

22 47 99 13 56 26 93
3 24 88 33 14 70 38
59 96 50 40 6 65 92

63 47 49
50 79 24
20 94 9

33 55 85 11 93 93
77 60 52 83 64 74
88 87 80 18 95 9

22
89
8

80 91 15 78 81
59 51 67 30 41
5 96 42 26 18

11 36 96 82
65 57 74 30
46 56 14 91

71 43 20
95 45 67
15 87 11

27 21 32 19 29
53 4 13 61 77
51 87 59 44 4

70 36 67 15 72
80 45 84 98 29
56 29 92 53 71

5 38 16 86 1 42 57
41 47 49 32 28 23 9
39 63 49 24 2 6 81

71
43
24

64 19 68 17 55
40 30 60 64 87
22 64 26 68 100

14 50 5 89 66 67
29 3 88 26 10 84
42 53 93 33 54 27

50 28 55
46 3 85
97 21 60

70
65
62

77 13 76 96
66 52 3 53
65 83 24 25

22
56
81

73 5 58
50 2 11
84 51 45

10 5 25
56 63 27
13 39 14

26 17 65
45 54 43
2 57 89

27 73 58
67 70 1
42 78 49

30 82 76 64 32 94
91 24 20 67 45 22
13 81 29 48 57 8

21 37 52 85 7 34
2 50 58 71 85 28
73 75 35 43 74 95

42 54 5 38
58 23 100 82
88 36 72 7

4 45 6 43 47 6
98 37 89 38 98 77
72 40 62 52 50 48

41 51
85 95
3 19

7 20 75 93
18 97 64 93
8 37 70 100

98 11 92 87 59 13 20
12 10 94 76 58 76 46
38 33 76 90 31 91 41

8 28
37 81
78 62

17 7 43 65
35 38 48 75
8 87 43 8

65 50 31 65 7 57
40 98 60 25 13 17
89 89 85 34 95 39

91 68 8 61 4 66
8 41 15 83 47 94
21 20 2 30 9 59

81 25 8 54 4 89 50
58 31 52 44 17 19 11
15 75 32 60 23 83 63

100 61 90 94 12 60
97 64 55 99 11 34
42 76 36 77 46 31

98 30 57 23 26 24 9
79 31 9 75 13 28 98
79 46 30 41 55 41 64

84 9 80 3
59 3 61 25
31 1 11 91

70 36 76 49 65 97 4
49 14 76 55 36 71 5
69 14 60 69 16 97 15

90 11 71 69
38 41 6 69
24 87 29 85

90 68 35 96 22 6
84 10 22 83 63 6
73 51 24 40 54 9

83 1 72 14 96 64 53
9 94 63 37 36 65 74
51 68 99 55 25 62 60

59 1 75 50 86
45 97 85 19 84
97 68 91 79 43

27 93 81 47 8 34 52
49 60 80 75 41 75 78
2 63 59 32 53 47 95

45 2 14 16 96 66
59 93 22 34 52 74
25 92 9 54 62 88

93 47 40
58 4 25
91 89 21

74 15 43
47 78 7
47 46 19

15 83 6 2 96 92 37
68 62 50 67 81 100 97
1 44 12 96 57 39 49

94 28 31
87 35 10
74 33 82

85 49 68
98 73 21
15 60 37

56 86 66 21 18 27 94
93 88 64 37 90 88 26
42 98 3 98 28 28 2

8 35 35 97 2 50
22 6 2 70 72 89
70 31 74 59 16 72

77 60 35 44 84 16 39
58 3 9 100 24 93 21
46 68 41 3 52 50 33

13 71 76 86 51 75 16
42 62 23 77 87 59 70
85 76 91 58 34 20 94

19
93
70

53 30 29
73 31 41
12 33 10

8 43
51 79
52 30

39
61
52

45 73 39
23 88 46
74 55 44

84 100
52 88
9 3

62
63
95

100 14 14 64 61 10
61 29 69 49 91 95
59 63 80 35 88 72

88 88 33 40 36 70 6
1 30 1 10 41 53 18
48 86 93 74 10 2 50

6 82 42 16 40 32
20 29 44 93 14 61
66 31 73 75 60 42

16 25 19 41 58 78
69 63 60 99 84 25
49 86 77 5 21 25

51 20 88 64 7 45 6
41 50 5 60 49 5 24
49 90 78 84 55 64 81

100
73
51

64 44 20
61 5 10
58 70 36

24
60
60

55 19 70 22 34 53
76 97 92 98 96 44
28 92 13 39 23 50

12 43
38 81
89 44

20 10 65
90 72 91
95 94 44

1
28
26

84
92
41

64
65
30

8 76 13 40 90 94 6
59 64 46 75 31 95 72
71 22 60 42 14 90 23

57 32 73 75
75 95 1 2
14 60 16 1

59 30 78
93 24 50
39 41 25

20 56
72 58
59 58

88 31 6 89 7 73 54
48 38 32 8 58 91 56
59 54 7 78 62 51 53

8 59 86 79 99
55 54 76 78 22
38 2 61 20 83

53 86 22 61 12
87 99 65 30 8
68 90 63 83 58

15 18 30 83 78 76
14 75 50 96 85 24
52 67 19 45 21 38

24 73 99 15 39 48
53 4 18 14 60 87
6 9 40 1 51 29

76 8 42 20 16
34 29 79 23 30
25 63 81 45 8

64 20 55 25 29 31
44 32 8 18 83 91
31 39 39 41 44 93

50 72 24 30 85 1 87
63 11 4 28 97 10 9
12 56 66 26 33 64 44

33 17 13 3 65
24 95 66 71 69
75 56 86 7 7

70
81
39

75 93 31 44
1 1 36 55
30 5 4 45

18 55 62 85 20 45 1
5 96 75 3 92 95 40
8 39 74 17 98 4 46

71 99
90 31
38 48

40 75 44 15
68 61 84 32
83 11 16 53

45 100 83 33
7 63 96 1
25 92 19 84

1 24
3 3
84 74

24 22
18 24
5 26

44 4 10 72 98
71 6 5 6 54
69 57 15 29 15

92
97
88

73 63
51 47
29 70

38 29 66 8 30
34 70 21 83 64
52 6 20 53 89

97
100
66

100 35 45 6 25 94
48 19 9 65 51 9
24 91 17 19 38 42

67 31 84
51 31 61
40 9 17

83 51 21 1
27 60 61 5
49 77 73 58

67 96 14
43 71 3
38 87 16

59 67
57 75
62 43

71 87 6 79 66 36 4
24 19 12 100 22 3 99
88 66 77 40 84 93 47

13 56 96 57
40 86 22 7
81 83 3 70

16 61 93
55 39 46
20 97 69

42 5 78 78 18
93 32 80 9 95
58 12 1 37 93

28 27 24
87 67 10
60 14 95

58 33
22 77
28 74

63 74 68 63 35 64
48 54 56 31 44 61
62 71 25 82 68 39

18 62 37 89 84 6
90 33 83 32 56 15
53 78 6 79 29 96

23
23
42

26 78
81 64
85 84

5 22 76
65 27 6
43 11 40

74
86
62

70 71 48 49 92 74 57
45 24 51 52 99 99 20
16 34 2 7 8 77 88

45 51
50 84
48 26

69 64
19 14
84 54

8 70 98 10
4 61 21 76
7 92 62 28

48
29
37

2 71 37 64 58
62 81 56 81 75
78 62 67 92 27

62 4 84
59 4 52
99 16 23

41 4 97 65 98
96 16 86 9 14
40 23 27 8 29

91 85 9 73 52
68 49 37 44 32
40 51 28 97 96

57 20 33 14
19 38 8 75
18 28 20 59

91 93 7 54 17 47
59 95 37 75 40 45
93 5 24 65 97 65

27 14 47 7 19
33 75 21 35 8
6 83 53 19 79

39 93
8 47
74 78

3 11 36 88 65 96 15
55 58 1 46 77 52 41
60 60 43 89 13 36 79

8 33 15 29 34 78 67
85 10 100 14 96 47 31
65 8 38 89 2 78 5

68 39 17 15 93 49 59
82 75 32 87 78 46 94
75 60 57 62 43 80 51

62 48 18
98 66 63
83 5 49

64 8
24 12
8 7

1 81 67 13 36 19 51
86 93 53 55 12 86 50
76 72 28 100 49 4 61

87 71 81
90 82 87
64 44 30

89 91 85 26 18 10 88
1 96 99 67 39 94 54
95 89 64 87 15 15 97

86 3 85
100 31 60
6 18 25

32 88 74 100 75
72 39 37 30 99
88 16 24 78 80

98 82 72 67 50
12 64 15 31 87
74 15 1 12 76

90 27 52 61 91 94
30 21 49 33 24 93
3 80 42 52 51 62

91 74
90 88
18 49

20 33 72 45
51 37 20 10
99 100 68 10

77
15
54

77 14 36 60 59 37 68
44 77 28 52 78 33 17
40 32 78 8 36 70 14

28 62 97
43 99 34
56 71 54

19
22
10

33
85
4

97 60 1 99
35 25 37 8
29 27 66 11

56
55
51

12
79
38

26 21 69 45 52 54
5 93 64 36 45 42
24 32 62 94 67 15

88 15 46 29 1 56 42
29 46 44 98 18 20 23
14 95 88 87 67 97 63

28 16 36 29 68 9 40
77 40 72 10 71 15 55
10 70 67 89 20 23 3

96 33 7
65 67 77
50 33 81

62
71
80

67
16
4

16 85 59 11 38
88 26 95 85 21
100 40 79 100 17

64 38 89 44
64 67 2 35
75 61 91 98

72 37 21 66 85 29 79
8 100 9 85 38 65 66
57 24 3 7 59 62 84

75 99 58 89
45 41 46 51
87 33 65 40

98 43 38 20 2 78
52 100 34 76 78 29
30 22 8 21 37 59

42
6
28

33 91
3 89
61 17

36 65 80 79
58 46 70 21
66 99 54 30

76
72
18

63 20 64 85 28 75 100
13 9 79 47 49 43 87
96 94 73 53 9 79 31

42 29 91 16 35 67 69
47 71 13 6 66 3 57
42 42 66 81 13 50 93

88 94 69 31 13
100 15 70 16 97
62 84 92 22 84

22 55 22
26 26 53
23 5 64

3 39 96
25 62 46
3 36 4

21 5 93
42 32 3
97 65 92

26 26 61 29 53 23
35 4 12 100 33 83
1 35 44 11 31 99

67 53
12 4
68 28

37 12 6 27 16
26 44 21 41 91
73 47 90 76 63

59
64
27

84 15
45 89
72 44

15
86
65

78
20
9

30 63 14 69
16 31 76 24
34 95 4 11

43 76 48
26 75 99
95 50 84

68 34 32 89 86
29 16 41 98 79
71 88 7 74 64

54
59
58

73 17 60 65
86 24 62 25
62 48 9 61

79 5 83 67
97 16 66 59
87 65 96 15

20
95
91

97 26 76 52
41 74 30 5
20 1 87 81

82 21 86 79 23 19 60
23 80 44 58 70 82 66
3 38 74 28 23 39 99

89 6 98 5 66
91 63 12 28 15
51 45 13 67 73

34 77 97
68 46 21
49 26 62

54 91 29 98 52 9
9 43 96 97 67 71
26 16 44 12 1 46

6 3
93 52
56 60

27 85 67 94 62 29
43 89 77 93 76 87
37 19 1 5 13 98

52 99
7 24
85 11

36 84 30 75 17 30
52 28 38 90 71 69
87 38 86 56 8 100

33 52 88 6
95 73 88 9
70 95 9 17

7
87
3

30 64 24
33 71 80
33 60 32

28 99
60 89
59 16

21 68 94 69 15
24 36 76 100 33
12 58 2 41 70

20
34
80

30 83 35 19 5
33 94 66 92 74
86 18 37 73 20

81 81 21 97 55
25 34 28 26 50
37 6 22 27 11

20 81 47 43 29
48 63 76 47 35
73 41 24 30 19

95 40 86 37
34 9 48 62
91 39 73 63

20 18 94 10 78
66 29 5 85 89
12 9 18 23 92

77 87 77 36 31 38
74 74 77 45 29 70
50 44 12 32 10 77

69 42
44 57
17 18

54 34 90
64 42 59
58 25 98

96 32 34 28 56
54 39 93 16 23
10 93 73 49 21

31 8 67 43 90
78 13 20 64 28
16 21 10 11 94

5 58 5 24 9 60 11
44 94 94 42 78 79 94
14 6 58 22 25 95 93

91
60
4

19 2 81
80 81 60
61 64 23

48 3 24 17
94 81 63 87
85 47 77 51

46 46 70
18 70 50
39 6 61

89 49 24 43 16 95 2
80 6 78 68 31 17 34
47 88 20 40 62 12 95

65 58 95 24
97 50 58 30
23 91 39 75

81 6 1 95 19 21 49
58 59 64 42 18 87 76
27 5 14 46 93 4 37

58 19 45 10 58 80
83 45 56 58 87 54
37 23 4 21 63 20

97 68 22
72 46 38
33 75 94

79 13 56 3 12 94
6 37 86 71 48 28
26 50 7 45 98 84

92 53 7 43 45
42 87 65 67 2
5 11 49 40 51

38 1 2 25 98 29 16
74 21 36 73 89 20 88
8 98 14 14 27 14 62

87 37
76 99
55 56

67 59 66 41 86
45 6 21 32 47
85 26 92 21 50

58 98
79 24
79 34

26 17 97 76 35 44 57
54 70 46 85 33 67 7
49 71 40 94 74 21 78

59 85
32 38
54 24

55 96 12 93 62 97 8
68 14 21 63 3 55 47
44 76 27 74 95 65 38

30 86 50 3 89 98
69 53 60 94 66 8
26 100 22 35 15 23

73 13 71 7 14 56
64 1 88 100 33 63
50 33 49 68 32 57

24 7 99
4 19 3
45 69 14

23 42 51
6 58 87
28 50 19

68 100 58
76 83 16
100 11 18

81
76
34

23 77 53 96 84
52 51 82 82 39
7 18 50 44 92

50 12 44 31 81
73 76 42 23 25
12 89 60 65 31

38 4 51 7 11
26 60 14 70 93
84 64 7 39 50

78 22 8
76 81 25
77 5 13

65 61 92
62 22 9
12 40 49

15 36 81 18
96 15 32 18
45 27 83 49

17
33
79

58 72 81 30 87
72 57 54 28 67
1 52 68 33 53

63 93 73
54 34 98
26 21 54

54 4 16 77 11 59 25
92 18 73 41 73 12 48
87 59 49 96 99 82 82

28 87
47 17
52 58

86 50 99 56 79 70
97 77 66 30 33 55
8 13 35 17 50 37

82 100 73 70 23
60 6 99 18 48
34 65 64 10 22

62 4 71 62 67
36 55 55 16 18
57 20 56 96 44

83 91 8 10 73
51 30 22 65 14
89 3 27 43 21

48
50
8

3 52 47
1 74 72
8 73 54

44
10
59

93 57 64 86 22 19
51 43 25 99 66 24
9 14 44 46 44 10

31 22 34 51 71
17 29 94 4 61
26 28 20 69 2

71 59 51 26
19 82 91 97
55 28 90 98

52 18 80 23 77
39 97 3 26 32
6 90 89 1 58

18 35 38
24 81 21
35 62 25

27 50
52 93
83 75

3 64 95 47 2
15 53 17 68 23
25 89 10 23 100

7 44 78
21 94 17
88 59 76

95 60 98 21
35 9 22 35
83 15 30 46

90 7
73 56
88 16

85 54 7 88 63 41
35 25 100 87 87 25
74 22 36 84 87 3

33 83 9 41 33
93 50 55 38 70
38 35 97 18 99

85 73 95
15 77 64
15 74 40

33 82 8 26
88 7 88 28
23 32 20 59

27 14 54 30
68 11 20 77
95 30 52 58

66 40 22 64
98 79 75 71
20 82 25 75

48 56 40 70 47 3
56 76 55 48 22 62
46 78 19 46 70 10

76
25
67

39 74 70 20 93 43
37 61 90 63 51 96
39 55 34 51 27 27

52 94 18 5
67 4 28 58
80 29 5 43

41 34 57 84 45 35
10 77 2 43 89 42
62 43 6 34 46 85

67 87 42
54 42 18
51 85 1

82 2 58 68
13 51 39 3
36 21 45 40

93
88
72

50 39 69 72 83 75
31 18 22 16 59 23
99 81 81 2 74 43

25 76 52
26 35 12
18 28 53

20 85 41
99 64 67
36 6 47

74 73 2 4 66 52 53
42 45 88 8 42 52 97
91 11 50 32 4 45 34

45 16 46 46 94 100 77
22 64 69 27 68 5 9
42 96 51 12 49 58 73

28 4 53
94 32 73
73 100 76

15 87 64 20 13
7 89 3 2 89
37 17 70 47 29

80 63 85 19 83 84 16
43 60 23 91 8 12 51
97 8 6 63 21 18 11

62 17 14
39 23 62
44 27 30

22 69 6 99 69 52 25
40 8 84 44 89 16 28
36 60 89 67 85 94 94

61 3
49 35
36 31

12 20
41 58
62 15

1 72
78 18
77 77

97
24
7

77 21 94 85 49 15
58 9 48 31 80 3
97 56 1 87 37 90

77 54 66 36 24 71
43 49 42 75 13 85
93 35 96 93 71 22

23
48
17

40 15 76 36
3 68 33 7
70 2 63 52

58 51 54 71 3 62
37 2 20 80 1 39
34 94 65 17 74 44

1 11 2 40 72 41
57 79 95 37 60 100
82 87 80 34 22 86

64 28 7 78
86 92 5 69
21 23 24 73

79 38
63 18
100 21

93 16 1
5 5 88
46 70 66

21 32 44 54
64 85 36 82
40 96 56 38

84 32 11 54
68 60 74 57
12 83 99 6

12 66 50 28
67 82 24 41
2 81 66 9

13 50 71 46 91 3 57
67 81 51 5 7 56 90
34 95 14 95 87 57 30

60 50 74 46 71 44
82 46 98 53 96 98
54 83 62 38 18 71

93 60 21 74 45
95 90 75 38 23
29 100 76 10 7

26
35
36

78 86 10
78 95 96
74 38 73

56 59 20 74 47 66 67
97 39 21 16 75 90 97
23 99 71 35 64 67 90

91 40 47
57 61 42
68 71 37

53 64 36 65 80
6 41 55 51 88
52 45 12 42 46

39 71 53 65 27 86 18
61 14 78 47 51 54 61
41 18 8 81 73 88 65

61
30
47

66 4 27 34 42 98
100 23 18 9 70 88
69 62 69 61 93 63

96 93 19 64 20
94 54 59 58 93
56 16 85 25 51

58 54 27 17 88 75
4 3 12 29 24 65
27 21 53 25 40 50

98 5
97 39
7 55

10 23 81
64 19 1
58 30 9

74 87 62 30
53 77 4 38
62 88 13 47

39 35
10 24
23 73

22 30 15 39 53
69 67 31 27 5
81 66 60 74 41

64 100 32 21 49 21 8
74 64 17 34 59 10 30
99 2 58 48 58 65 40

24 17 14 59
81 47 27 45
4 31 77 55

87 45 64
48 77 52
92 79 57

53 70
8 12
88 71

11 98 37 39 82
72 12 60 23 77
23 16 26 65 69

36 25 74 65 37
33 64 90 24 16
76 3 73 53 96

54 57
23 79
10 17

30 28 35 72 34 44 14
51 70 51 58 76 41 78
30 31 40 68 41 65 25

58
41
67

96 45
67 47
69 15

56 65 33
33 90 79
68 94 25

61 70 62 56
62 74 67 87
23 21 24 6

91
93
81

82 24 15 43 47 75 61
95 48 48 2 30 94 19
34 45 97 72 69 59 56

52 80
53 31
93 61

58 68 14 8
69 31 10 66
77 80 40 28

44 37 15 76
63 3 48 58
6 90 8 22

81
44
85

37 99 6 74 24 88 53
38 96 98 67 42 26 52
12 37 65 100 94 90 74

90
36
93

31 58 73 27 94 94 90
69 28 68 20 33 82 87
5 98 54 11 79 36 46

95 73 51 26
23 48 89 91
78 59 37 86

26 93 79 71
75 10 72 47
14 97 57 82

75 64 28
86 2 94
63 19 66

31 34 58 10 82 34
94 100 13 50 48 93
28 38 57 7 74 74

35 90
14 84
34 18

7 82 26 98 10 8 20
74 80 27 71 47 10 95
52 43 89 76 3 85 17

73 47 91
13 40 15
39 31 11

32 91
27 23
27 73

73
61
99

47 74 89
78 8 36
73 10 48

47 73 8 90 77 58 31
65 44 61 9 2 8 1
27 6 43 95 82 29 65

79
3
58

22
49
9

50 41 29 94 63 35 90
75 86 18 1 54 96 91
24 19 95 75 41 57 99

14 49 41 58 100
39 6 3 93 80
25 10 37 88 48

95 28 88 65
95 17 36 97
30 38 3 38

35 22 60
100 83 22
100 9 62

25 97 57
21 15 72
13 99 94

87 39 75 43 77
42 45 36 72 57
77 63 39 75 100

81 45 19 58 33 93 43
99 79 52 37 70 99 89
62 10 2 39 10 9 23

67 26
44 92
78 5

54
98
36

57 12 73
31 54 57
50 81 6

76
100
53

45 72 43
31 35 81
3 14 5

80 45 55 33 27
54 51 40 42 28
64 59 92 84 48

64 66
52 43
75 38

83 74 61 50 34 33 78
88 28 83 25 44 98 51
54 29 24 75 16 23 4

32 83 8
34 17 21
45 98 66

45 70 6 46 90 7 25
36 8 31 95 97 82 1
49 90 22 31 9 58 29

4 19 8 26 82 15
98 37 5 73 62 24
40 95 55 56 89 94

68 92 80 65 55 14
89 82 94 10 38 53
99 65 13 49 67 30

24 81 68 56
22 34 89 37
43 54 67 90

40 6 47 2 58 25 41
27 42 51 51 2 18 20
53 87 34 42 35 58 35

26 37 83 46 29 29
49 65 50 75 65 78
34 26 97 77 17 86

4 87
1 7
50 10

51 41
21 69
5 81

89 54 29 20 98 23
32 70 68 43 32 61
26 3 63 31 68 3

59
13
19

80 45 49 16
24 43 76 60
68 31 22 91

56 44
77 55
81 84

39 63 50 49 4 85 99
56 73 66 87 77 47 31
21 89 85 81 9 54 79

89 40 62 46 13 78
65 100 16 3 89 7
56 73 82 12 87 98

42 64 92 70 57 80 21
39 72 96 96 78 94 72
46 7 72 93 10 24 41

44 83
100 30
37 58

18 40 29 93 31
15 93 46 60 58
22 21 79 59 89

79 57 86
48 87 91
63 59 68

67 71
68 53
14 100

51 15 46 8 85 72 32
26 62 5 95 45 8 97
43 77 47 47 26 43 85

94 59 94 90 75 34
34 71 68 70 99 40
54 95 17 67 12 84

60
94
61

4 72 13
29 48 66
71 58 73

20 12 28 45 69 95
44 74 30 42 99 40
95 47 6 96 61 38

73 19
73 20
25 48

51 4 57 79 68 29 98
50 2 91 20 22 40 5
89 55 21 9 77 22 25

4 68 26 30 99 60 19
91 39 23 73 69 94 98
39 12 45 36 86 26 68

74 47 94 86 26 96 98
38 56 48 88 79 92 34
83 30 88 58 17 42 81

19 24 65 40
71 57 31 61
25 44 12 29

4
8
56

53 91 2 96 13 91
65 97 55 26 24 61
67 98 21 38 36 47

49 90 41 37
85 99 25 88
13 57 55 80

33 43 51 61 59
16 45 28 90 75
9 71 46 58 77

28 16
40 89
42 17

36 85 20
85 86 18
10 88 24

50 77 73 19 81
19 88 25 31 18
52 97 67 54 80

28 38 27 21
87 37 83 31
75 50 41 48

69 87 54
18 73 77
2 29 69

87 21 44 75 66 70 1
25 99 29 63 63 72 92
49 14 68 19 76 78 50

13 69 91
61 8 18
99 96 84

36 9 37 90 96
17 38 45 99 38
72 21 67 98 14

63 33 7 74 27
66 70 17 1 27
6 81 20 44 70

20
22
25

28 51 61 65
8 6 31 77
7 96 40 29

16 76
67 22
98 72

80 50 96 74 40
52 25 29 30 54
1 80 39 90 19

74 87
26 88
36 36

71 78 93 78 41 97 8
7 98 7 84 6 4 74
99 77 8 66 90 69 96

55 15 1 21 1
81 76 29 71 4
100 56 98 2 51

54 8 94
55 2 82
100 41 20

52 28 58 84
37 58 74 57
86 46 51 67

7 33 82 58 44
82 69 44 11 88
84 70 84 26 80

14 2 3 97 93 82 82
9 42 4 53 55 97 19
61 29 64 74 31 13 94

41 53 82
71 5 29
84 65 35

33 100 10
68 36 42
21 53 96

74
99
37

71
7
94

31 84 62 80 33
80 56 43 43 84
8 82 34 6 37

94 57 53
62 34 6
11 63 94

51 55 19 35
20 81 97 83
56 8 55 76

8 56 17 57 9 53
66 84 64 89 6 69
98 9 76 75 51 56

82
90
61

57
73
93

71 86 79 5 66 87
91 34 18 38 43 62
74 29 28 69 67 93

29 34 2 11 53
64 37 24 72 12
69 88 59 6 32

55 64 54 8 67 6 35
55 27 81 97 73 59 19
89 62 4 46 56 4 13

57 71 92 49 16 96 90
7 49 4 27 20 48 94
92 57 65 49 100 92 35

51 34 73 90
56 66 55 75
42 35 5 14

68 34 97 53 25 89
90 63 9 47 92 61
74 58 25 68 97 42

9 86 18 78 45 81
32 25 18 26 10 39
7 78 17 86 74 63

10 3
45 89
64 32

37 87 75 76 62 91
89 56 55 99 52 52
69 32 75 55 19 93

42
89
78

60 24 76 10 5
68 46 64 6 96
49 93 68 9 95

24
67
41

29
20
8

63 31 86 15 10 18
94 24 23 6 93 49
50 57 41 29 33 84

9 58 16
53 35 56
57 47 86

61 48
37 6
21 83

74 16 44 34 34 15
85 12 4 50 89 92
92 75 8 100 99 49

11 37 11 85 1 40 8
36 81 42 98 77 55 94
64 16 60 83 52 21 23

11
74
2

27 28 5
36 11 68
12 53 41

71 7 67 68
59 20 62 54
8 82 96 79

2
68
34

78 81 86 70
8 100 71 17
96 52 99 34

59 25 85 81
67 2 88 23
49 37 2 64

56 6 85 90 63 21 60
63 40 58 82 52 83 91
92 38 40 23 74 33 56

68 79 50
52 64 7
4 44 46

21 90 24 34
77 86 4 68
71 85 8 60

60 51 79 100 86 15 79
38 5 34 35 42 2 45
87 79 24 38 15 79 90

39 19
3 30
93 20

4 36 70
65 23 22
13 88 13

22 3 15 32 63
65 21 85 78 8
19 81 48 9 63

15 95 88 50 83 67
78 81 72 75 97 13
30 91 18 20 41 42

90 17 49
74 81 74
97 2 33

29 83 50 58
25 53 78 60
50 89 70 23

11 74 6 86 77 67
46 91 41 5 51 62
9 96 9 51 24 80

52 21 47 97 12 91 14
17 37 64 10 11 62 55
11 7 13 97 62 97 88

9 57 41 42 65
55 99 30 8 47
37 73 45 40 17

32 1 77 72 8 33 82
12 40 74 74 54 7 39
78 46 96 34 97 38 19

70 31 27 86 84 87
40 68 15 7 61 21
48 58 26 14 78 7

88 70 60
94 18 81
35 72 99

81 6 10 64 66 70
74 44 21 48 36 25
10 51 44 19 100 7

57
4
47

23 6 13
46 41 54
78 4 24

59
79
14

67 95 67 3
36 21 95 3
88 14 13 8

29
27
49

59
94
39

10 6
84 18
54 82

89 66 99
24 92 45
47 24 93

73 15 39 7 86 15 55
25 98 81 57 9 32 48
77 59 50 14 68 42 74

16 19 67
98 42 51
17 64 94

76 51
88 98
14 93

76 50
40 83
75 97

91 12 8 1 67
38 50 28 83 71
34 80 47 58 28

14 4 44 99
4 45 64 25
16 53 75 22

30 87 72 28
18 37 2 6
4 1 24 87

16 44 65 54 60 88 32
83 36 34 24 59 49 67
53 60 63 44 75 1 3

79 61 64 65 56
57 11 61 93 3
49 46 93 81 76

69 10 35
23 19 93
55 16 1

17 60 3 50 71
19 76 63 96 61
41 80 14 18 77

3
25
92

83 69 78 25 47
62 64 71 65 46
54 61 65 37 83

69 77
37 65
38 44

19
36
25

25
84
91

100 66 30 57 57
57 100 17 76 45
67 14 46 22 48

100 46
19 74
20 71

45 1
62 42
35 38

77 76 60 83
68 70 80 65
42 59 8 27

1 56 83 97
87 98 52 15
62 96 79 73

3 79 88 5 98 97 58
13 33 83 26 68 36 39
48 48 47 38 36 100 96

93
71
18

53 78 40
17 100 14
25 11 80

47 9 29 18 33 22 6
51 72 93 49 52 15 49
57 88 94 90 49 6 5

65 59
34 85
89 93

83
82
44

59
66
59

58 81 58 62 82 65 35
42 63 43 73 70 2 86
81 3 75 3 2 24 69

4 51 25 56 61 65
62 54 89 38 28 9
87 99 93 47 37 23

41 57 38 6 87 43
8 60 66 90 88 87
91 62 69 83 4 90

39 93 9 86 89
4 4 6 23 51
25 44 88 46 22

93 30 24
94 74 96
56 19 68

61 5 99 29 41
32 61 13 92 93
95 63 50 24 10

64 87
74 84
16 19

76
61
26

51 83
94 56
26 66

60 65 60 37 4
51 24 91 13 40
44 32 47 80 11

43 61
70 6
64 92

4
72
9

25 37
10 97
92 49

32 75 57
12 20 28
44 74 28

43 100 98
1 94 32
92 86 88

74 77 95
71 86 98
16 22 1

84 68 59 41
68 52 52 95
63 81 86 96

65 4 22 75
15 92 62 93
81 57 74 13

78 29 46 82 37
99 15 86 14 61
95 25 64 36 39

2
97
31

15 44 25 84 55
88 87 72 47 36
94 43 70 99 43

79 21 9 33 84 41 47
23 71 12 84 57 15 65
45 44 56 97 6 79 39

72 21 46
35 65 14
13 50 27

83 92 87
48 77 54
24 50 92

73 93 87
90 16 96
29 28 10

64 23 9 5 71
45 12 98 60 38
26 54 74 99 76

33 11 93
56 96 27
35 96 32

9 92 98
40 9 26
66 54 41

89 87 39 79 94 20 89
27 82 10 46 7 75 73
82 8 77 79 29 41 41

79 11 44 27
42 75 69 88
64 52 7 89

1 55 49 42 86
82 62 48 92 86
38 96 84 77 67

7 36
20 17
52 64

20 22 1 87 37 35
88 63 83 15 17 78
71 71 20 77 89 37

40 73
10 79
45 22

98 28 46 30
20 96 24 40
30 46 58 89

69 73 86
37 60 43
38 19 10

22 92 99 3 95 45 99
10 10 30 18 75 52 43
89 30 72 10 59 29 25

92 59 55 81 44 44 91
69 72 88 1 29 40 56
60 20 52 45 89 31 91

42 19 96
30 75 47
17 47 34

17
75
51

50 18 77 93 26 95
5 100 74 78 85 31
49 74 12 55 31 81

7 98 56 94
63 46 43 37
25 2 69 67

5 8 86 42
5 12 5 70
92 59 98 66

54 80 1
5 87 34
97 29 19

73 37 32 91
82 92 15 71
64 8 42 50

93 44 8 46 88 80
65 89 10 84 13 34
96 8 95 57 75 91

31 75 48 92 41
70 67 3 93 7
56 39 2 27 49

81
92
34

17 5 49 40
46 94 18 89
84 74 51 32

77 97 93 12 49 42 75
91 89 47 50 53 45 100
52 23 61 88 8 22 92

31 66 4 55 60 44
18 13 11 16 58 10
32 40 64 36 96 66

24 21 93 39 39 57
3 29 72 3 68 25
40 45 97 47 69 37

69 9 30 43 73 87 50
92 30 76 47 17 67 22
72 50 74 58 90 86 23

70 56 3 57 28 8
16 51 87 64 73 27
57 51 10 56 76 12

57
45
20

31 80 39 78 55
71 91 25 38 28
27 5 3 64 1

63
67
55

48 93 93
72 100 92
79 22 89

28
93
82

85 14 66 83 89 44
1 25 80 92 27 43
23 34 62 94 72 94

83 100 28 40 9 15
17 70 21 25 71 67
69 44 45 76 73 20

18 78 35 76 9 26
75 39 77 41 80 88
2 25 17 82 88 41

70 85 31
81 99 70
20 35 30

7
6
19

100 27
36 38
83 34

42 40 57
8 33 24
81 4 9

15 28
55 96
31 81

89 55
2 13
59 35

68 45 68 69 2
14 42 96 14 72
66 45 66 52 95

41 64 13 46
56 93 51 85
33 2 11 33

50 9 89 88 35 82
77 48 63 46 36 60
60 32 18 43 99 90

41 13 91 73 97 6
21 83 77 100 76 97
54 84 89 70 23 12

96
41
32

2 85 33 50
70 12 79 72
40 81 97 16

63 50 64 71 61
84 87 84 68 18
46 71 91 25 56

93
35
13

71 73
33 67
40 27

96 13
86 21
34 20

55 87 44 86 8 4 83
65 40 15 61 71 45 19
74 19 5 96 7 82 59

16 48 40 20 71 82
34 58 59 22 62 7
14 91 63 70 86 38

11 48 18 33 81
70 63 16 30 43
42 42 86 15 99

50 16 72 65 91 87 74
17 5 19 7 96 42 50
68 78 100 98 48 24 82

23 29 93 97 71 15 44
18 27 56 4 89 51 100
65 28 92 92 32 38 46

76 71 35 71 56
99 28 25 8 13
74 56 56 82 24

33 7 29
52 64 26
6 8 19

17 12 47
78 14 7
49 4 55

68 97 55
29 91 69
66 99 72

82
44
17

74 4 63 90 45 11 99
7 27 1 1 95 38 64
8 23 12 14 88 16 51

92 41 58 18 99
34 83 6 74 7
5 69 62 24 51

88
22
26

30 35 77
15 29 9
71 15 15

25 80 45 94 99
1 41 48 29 63
1 59 84 41 55

91
19
27

67
24
8

81 73
63 3
60 21

83 11 84 18
69 83 24 29
87 3 10 45

23 65
92 34
68 41

90
3
71

31 69 43
42 86 50
17 6 13

62 2 36 83 88 52 93
43 87 34 91 55 19 12
52 53 85 49 91 41 52

85 22 44
31 61 23
41 12 32

71 36
19 79
97 35

94
50
61

61 63 1
30 97 70
35 60 46

41
5
94

70 95 65 59
67 35 35 81
96 57 96 97

91
98
19

7 7 17
75 37 19
6 81 85

66 41 42 88 48 67
83 85 8 33 64 20
58 75 79 56 39 66

29 58 47
37 75 44
39 49 4

6 35 21 53 94
90 91 14 72 76
19 80 64 62 5

29 65 92 44 76
13 16 86 14 26
54 15 5 13 3

16 97 69 64 21 43 85
54 8 27 32 13 77 95
28 34 4 95 11 82 11

100 57 90 94 91 97
25 31 15 14 45 61
77 88 33 58 36 98

71 16 43 17 35 52
43 81 72 97 23 12
74 16 59 30 38 74

76 45 66 68 28
10 95 35 3 13
78 82 13 99 13

23 29 32 52 9 41
69 58 79 85 82 15
61 17 82 83 69 50

37
7
8

44 77
91 15
35 81

75
30
66

39 25 9 78 15
9 10 52 50 62
85 3 62 53 13

45 93 32 3 97 42 43
77 92 39 7 1 70 57
51 45 3 54 57 81 79

15
42
84

70 4 83 61 7 57
56 70 93 79 7 19
57 75 95 82 20 5

51
57
38

44 98 28
100 60 59
8 47 5

42 39
54 28
31 45

71 61 45
50 100 50
60 35 97

56 80 12 20 5
60 47 64 21 44
70 60 24 59 18

47 95 39 71 44 96 5
69 36 91 8 59 53 36
11 64 74 87 17 51 45

58
90
29

100 86 44 61 2 87
33 30 32 13 19 60
51 80 41 65 72 21

10 100 34
8 57 33
9 17 93

34 35 93 98 90 38
74 69 30 78 66 73
43 52 95 58 42 29

5 4 18 74
15 93 20 56
2 53 26 62

99 100 36 89 68 39
39 1 97 96 13 94
43 76 92 43 27 97

30
80
61

49 11 89 18 77
42 15 15 12 58
40 39 41 31 30

47 40 90 13 66 5 69
99 54 28 44 97 67 33
26 43 62 37 37 39 11

5 84
72 18
94 20

44 8 91 73 67 34 16
58 82 5 23 4 90 73
81 3 5 51 37 11 18

21
31
71

14 78 63
13 97 2
61 49 75

28 17 26 32 83
93 50 20 84 62
55 27 45 15 56

22 90 94 51 50 38
6 49 20 65 22 49
82 67 11 74 21 50

19 60 43 4 50 25 5
69 86 17 10 86 6 28
19 69 30 1 88 81 96

22
44
96

46 75
76 7
8 97

8 93 76
12 20 1
21 56 74

38 30 55 83 67 19 14
92 74 9 66 35 73 5
30 44 77 71 22 2 34

69 98 89 26 52
23 98 22 15 51
76 35 25 11 59

91 12
33 36
24 12

7 53 50 97 38 7
37 74 67 22 8 25
19 26 38 85 12 49

63 63 10 60 39 8
10 66 71 5 25 69
68 5 86 83 60 88

19
4
50

22 70 45
68 66 21
12 19 82

63 54 20 59
78 57 1 94
46 30 71 93

16 9 93 69 69
47 26 22 18 30
89 92 82 16 76

36 83 91 37 68 46
41 89 48 37 9 36
22 24 69 71 94 53

64 76 18 85 34
39 90 87 43 11
58 98 59 7 84

83 94 61 79 66 34
32 79 60 89 98 41
79 20 83 33 54 99

25
93
52

30 1 83 72
59 5 63 63
53 67 2 90

54 68
99 76
69 61

64
95
98

15 13 33
74 89 46
70 82 7

67 14 77 33
14 29 70 24
22 89 26 28

32 50 10 32 11
50 93 37 12 12
2 28 86 65 87

100 7 82 91 22 88
16 36 98 49 52 25
48 83 6 48 39 22

9 99 40 27 75 7 48
76 93 54 60 45 54 82
13 14 27 76 52 62 50

28 7 52 17 24 54 99
43 8 57 25 38 26 87
53 96 83 28 17 37 29

32 15 34 59
66 90 46 77
90 69 61 78

45 16
71 58
64 55

97 83 35 65 95 56
74 13 71 21 53 72
52 4 46 98 69 46

30 5 92 1 84 30
36 92 87 72 33 13
78 32 93 77 31 99

61 46
95 27
47 29

100
79
17

91 44 17 52 8 90 62
82 56 57 43 25 100 100
8 84 67 65 7 79 3

26 4 55 17 92 15 97
37 40 53 8 74 38 16
38 37 25 8 22 99 69

6 33
43 76
45 47

22 10 35
17 91 35
60 25 5

18 50
6 99
9 13

95 93 72 81 5 66 33
1 52 69 56 4 99 48
45 65 23 88 81 58 34

91 23 13 78 35 97 63
45 31 81 24 92 87 23
27 42 46 25 66 13 25

100 88 47 23
91 45 74 6
46 11 2 68

61 11 30 60 27 85 51
21 52 54 25 25 4 47
36 11 49 81 37 43 12

22 51 53 89 73
73 48 50 61 16
97 38 50 82 13

89 69 63 94 57 75
48 66 55 1 85 91
52 19 96 17 48 21

91
44
44

29 53 5 73 92
43 44 15 96 83
59 74 47 20 26

75 28 92 41 64 44
26 73 64 34 83 60
69 88 55 77 44 36

29 70 76 69 36 41 99
92 55 99 36 48 66 54
40 18 71 17 84 22 59

50 56 70 74 87 93
12 100 52 3 56 41
77 61 9 7 19 8

94 98
89 6
5 62

22 38 93 100 49 55
89 37 16 86 72 35
73 68 47 16 24 80

11 70 23 93 34
70 34 64 92 29
94 51 64 20 68

9 57 48
88 4 56
68 31 55

81 3 94 91 74 97 46
12 67 1 94 87 78 100
10 87 86 68 19 91 52

26 19 26
92 100 72
69 43 77

62 30 98
30 98 9
41 72 16

50 68 8 59 37 7
16 91 47 21 38 4
42 27 56 48 44 10

21
90
19

42 49 40
81 1 17
57 77 96

1 4
64 28
43 91

59 37
96 50
74 80

39 53 31 29
15 60 8 73
41 3 12 3

81 22 66 48 11 58 34
61 92 47 12 34 85 10
40 19 91 51 57 63 62

14 14 50 83 62 94 71
95 96 47 32 42 97 76
11 45 74 21 25 16 56

60 83 67
54 13 11
61 16 83

87 61
94 15
96 77

72 10
28 75
9 69

93 36 46 41
17 6 94 77
69 62 91 3

36 62 67 3 63 27
25 75 62 56 6 31
90 18 10 17 66 25

88 41
50 88
95 83

19 12 56 32
89 21 40 6
53 1 42 59

85
56
70

55 8 30 76
17 97 69 21
44 33 67 12

82 24 43 46 57 75 22
56 47 52 91 47 36 26
46 23 15 25 72 23 66

77 12 77 60
37 81 41 17
37 70 10 2

39 31 40 71 14
12 75 17 9 64
99 62 95 6 45

49 94
97 39
90 53

66 60 13 12 25 57
54 59 76 49 58 89
86 47 8 12 8 34

21 79 74 6
34 65 7 94
89 15 73 17

64 71 3 38
98 82 22 33
99 58 95 10

94 43 97 51 28 6 19
64 68 35 47 34 15 73
95 61 76 72 59 48 5

16 70 29
52 16 87
27 91 94

31 34 40 86 7 93
17 34 75 66 67 78
79 24 71 35 90 3

30 82 25 78 86 93
30 27 62 25 52 29
71 100 95 5 8 66

18 77 16 32 39 98
41 61 87 69 32 25
31 77 79 84 54 36

22
25
99

60 97 33 30 16 92
74 8 77 22 30 42
67 62 81 8 59 1

89 11 45 50 39 73 38
65 81 12 78 7 38 26
82 99 69 50 62 6 85

75 56 11
20 46 3
69 74 30

73
96
67

87 39 67 76 51 91
17 13 16 73 37 5
62 97 35 11 49 45

91 82
80 89
28 86

54
24
49

53 31 88 51 4
60 6 42 28 42
18 64 45 30 98

77 12 5 49 2 59
13 86 91 58 50 2
58 21 96 30 16 7

22 87 49 4
64 57 79 73
86 26 57 32

64 16 78 52 46 25 29
69 64 12 15 19 20 46
79 50 78 82 84 17 73

46 29 50 92 36 85 29
17 39 26 65 31 79 68
26 85 91 17 29 100 40

87 18 83
29 2 24
87 9 22

46 28 100 89 70
24 23 37 80 20
62 43 52 96 84

46 2 59 99 12 88
11 58 79 27 54 91
18 96 25 27 3 73

9
92
82

98
28
95

5 53 6 67
4 55 9 35
61 7 59 47

82 48 96 4 64 24 36
87 66 68 3 89 38 41
24 10 94 18 81 17 49

65 41 17
82 33 18
63 60 93

6 6 76 98 23
77 28 76 32 79
78 21 66 70 12

68 63 34 2 37 59
74 8 94 24 88 70
28 69 80 94 57 100

27 52 3 35
23 84 89 95
1 3 97 64

27 70 90 22
72 38 74 45
7 75 81 75

84 92 22 45 31 56 46
4 42 82 82 9 43 95
91 18 38 56 64 43 74

11 36 96
56 38 88
49 37 64

76 17 27 80
38 83 59 21
11 85 6 46

12
97
15

87 15 94 74 73 10 78
28 39 45 96 1 47 28
40 18 91 93 71 33 50

90 96 60 43
79 72 76 81
82 52 86 81

33 94 80 5
46 71 81 5
88 80 87 60

54 9 55 84 17 3 14
99 40 66 87 28 32 19
67 86 8 9 17 17 95

22 52 56 45 20
33 83 90 1 5
77 10 49 43 74

72 96 9
32 70 74
23 61 11

40 93 90 12 42
37 16 95 20 32
37 24 26 23 35

52 63 99 70 60 99 81
83 20 72 90 84 19 79
20 31 67 79 63 69 54

29 40 3
32 30 37
27 15 48

34 18 59 60 73 24 85
67 43 61 14 42 64 80
11 6 70 37 83 16 84

55
85
15

81 77 95 30 35 30
89 25 15 22 43 63
29 14 68 74 64 6

74 16 44 93 36
82 31 98 38 32
31 13 82 49 10

80 15 94 82 49 21
71 82 50 13 11 48
100 79 97 98 80 31

26 67 43 61 90 59
61 50 8 54 1 54
82 53 30 11 5 72

22 92 61 32 2
78 79 53 44 44
95 61 61 45 42

1 87
40 51
68 16

73 28 33 41 32 8
15 67 43 62 59 83
95 60 89 68 55 98

48 9 43 44
68 45 29 99
90 74 21 57

37 20 8
73 84 28
42 66 77

25
30
9

49 22
87 25
84 72

86 5 70 56 79 58
11 20 74 37 26 45
42 30 39 97 71 27

57 34 63 65
54 12 6 45
82 78 11 83

81 55 87 38 1 88 32
86 83 93 44 28 31 41
4 26 35 81 59 48 56

19 57 94
20 76 55
39 12 11

88 51 68 56 93
91 2 51 31 6
47 77 41 73 79

42 10 62 80 47 5 62
99 15 32 43 90 43 56
54 1 39 39 20 49 46

88
92
13

95 42 96 47 26 3 72
87 86 55 99 86 4 8
32 44 67 22 4 16 85

7 1 26
17 14 76
52 44 16

41 90 61 61
75 39 57 91
12 66 12 70

84 92 6 81 80
74 4 31 51 49
12 15 82 3 20

48 50 97 39 21
17 14 12 54 75
67 46 28 81 76

97 33 70 70 84 31 7
99 63 87 23 80 50 78
94 68 82 12 50 27 64

19
41
65

72 78 95 37 24 3 58
66 15 1 72 15 62 91
89 49 28 33 46 28 37

81 15 46 1 68 17 86
65 91 94 64 28 76 37
37 34 58 34 50 89 33

91 61 61 85 44
37 27 52 53 96
31 28 30 98 95

75 6 93 79 32 12 64
90 97 18 45 20 32 78
32 94 95 49 37 26 47

70
43
93

47 53 72
3 80 60
6 60 50

78 60 44 9
67 10 59 17
22 23 12 72

51 20
74 47
36 24

95 69 47 89 12
17 42 68 59 17
28 39 84 34 95

3 56 98 90 2
69 97 76 6 51
17 11 40 72 91

8 60 57 15 42 3
63 40 26 99 98 17
59 3 19 88 96 10

77 27 15 25 51 89 92
49 80 77 71 27 64 7
84 95 43 94 100 44 10

61 27 24 52 86 63 62
4 3 36 68 73 54 72
18 4 83 61 72 15 80

4 1 93 72 94 2 39
4 54 4 76 61 45 42
85 93 71 7 73 74 37

20 87 13 17 95 32
52 91 57 71 11 65
25 41 29 50 55 1

90 46
74 91
27 16

89
56
51

56 57
70 9
2 9

38
13
67

28 90 51
78 54 51
87 28 20

95 72
32 33
45 82

30
81
94

38 2
14 2
85 99

14
83
51

95 32 19
53 20 17
28 2 19

24
19
88

47 98 43 92 41
61 79 62 40 11
75 75 8 79 41

29 84 95 4 26 84
82 40 23 42 68 79
15 23 97 49 93 72

87 41 85 1
5 71 73 84
61 21 34 25

21
29
44

88 78 57 92 55 32
58 93 46 92 21 77
49 31 3 24 79 58

57
41
61

18 48 60
39 99 22
45 46 38

51 48 54 88 41
14 73 3 36 50
66 98 94 18 76

3 4 97 100 95 40 73
78 16 94 58 90 9 36
46 81 70 75 75 77 3

61 40 63 49 74
88 77 92 76 1
68 27 68 12 1

35 91
86 87
73 85

6 75 51 50 86
73 20 5 57 80
86 7 50 4 54

46
27
36

62
50
3

83 13
61 40
86 93

6 61 76
32 87 70
57 96 76

10 16 68
21 28 71
71 76 23

88
42
70

21 66 91 41
79 84 52 84
19 11 65 95

52 40 52 64 86
95 49 71 59 55
86 65 68 11 47

4 95 16
18 84 33
88 34 21

93 94 1 87 45 45
42 29 65 94 98 24
40 97 66 61 82 4

65 13
28 55
34 45

92
26
83

46 35 63 76
50 49 59 94
86 1 100 87

65 19 18
57 62 11
29 57 89

63 25 36 72
47 1 90 43
76 30 51 21

59 39 26 31 5 32
22 52 30 79 39 58
80 75 56 75 14 44

100 50 67
44 79 13
85 60 100

61 98 63 49 62
6 6 84 34 34
96 37 54 34 89

55 85 99 40 43 97
49 18 49 43 27 16
79 17 91 69 92 16

51 89 30 37 73
85 96 19 10 98
41 58 57 30 26

38
99
61

76 90 16 85 87
100 53 13 22 94
39 33 44 36 97

93 93 4 23 76 45
63 75 20 12 25 68
17 29 90 87 95 83

38 35 62 47 44 10
22 16 71 36 48 80
24 75 85 43 65 10

75 5 89 5 50
70 25 16 63 9
7 58 14 59 73

52 90 18
63 46 53
44 71 39

28
64
65

83 51 6 15 3 29 45
7 50 59 85 30 31 53
74 80 20 50 86 80 3

4 98 87 98
33 8 68 5
59 29 12 9

80 53 80
65 95 74
28 90 96

3 87 2 57 94 19 82
18 72 68 1 87 47 30
46 99 6 79 91 23 24

78 4 35 85 89 14 55
77 83 12 85 58 63 70
91 86 55 24 45 19 68

59 15 40 93 12 47
40 79 51 93 4 70
31 63 85 11 69 4

98 14 47
85 3 24
6 72 68

37 15 30 8 99 64
66 71 69 67 74 96
68 80 95 66 46 6

39
40
97

78 68 87 57
26 60 87 39
11 71 26 24

80 51
31 12
22 32

37
10
49

68 80 31 5 67
82 92 80 55 97
75 73 60 72 73

95 36 66 6 45
93 67 93 89 26
39 7 64 2 84

31 15 67 86 72 38
86 57 100 32 27 79
96 22 58 84 79 46

88 21
29 27
87 66

80 83 51 92 85 4 6
56 31 42 70 91 86 78
65 39 39 97 34 95 42

26 42 91 56 41
40 60 95 50 40
92 95 10 84 78

54 64 28 50 5 28
86 87 43 86 82 34
25 78 91 65 77 21

41
90
52

73 83 95 63 18 16
55 23 95 20 82 35
67 36 9 31 56 77

95 76 32
31 67 12
24 18 62

46 89 17 98
64 53 23 73
5 97 41 5

9 97
73 89
69 95

58 24 33 72 62 64
98 97 24 7 21 20
73 9 95 60 81 50

3 5 34 98 58
24 5 33 40 60
73 61 85 1 84

74 7 62 12 32
54 100 52 44 14
90 24 62 86 80

28 40 11 12 96 9 78
73 16 38 94 88 7 58
40 20 87 53 30 3 59

34 72 20 57
33 61 82 4
97 75 55 79

58 37 83 65
64 99 29 13
31 37 55 67

39 29 83 35 13
2 54 21 22 82
57 5 32 91 92

16 57 67 65 25 93 92
44 64 44 38 11 68 2
44 79 95 57 15 7 24

