80 27
93 61
42 34
69 45
54 95

47 68
85 35
76 53
14 14
48 28

56 96 12 11
5 76 44 22
74 65 47 66
32 62 60 76
92 25 64 59

57 69 99 7 63
52 27 20 39 12
55 43 14 10 31
69 11 56 63 96
91 34 36 87 39

99 51
29 89
7 30
21 87
22 96

40 29 53 22 71
80 75 76 89 22
4 45 68 38 18
83 81 66 98 44
64 95 9 34 60

100 19 14 45
91 8 68 37
64 56 60 59
56 33 35 47
52 84 100 35

56 83 53
22 30 36
98 58 97
4 67 26
32 89 60

61 46 100
89 38 96
74 33 84
15 43 71
62 91 13

87 45 90 84 71
72 27 11 68 2
54 76 16 15 99
22 44 8 23 28
92 88 5 68 96

6 85
19 11
44 72
55 22
26 8

7 89 44 92
94 77 22 80
92 15 22 14
95 42 69 45
44 18 56 37

70 44
59 35
44 57
27 87
35 12

24 16
25 47
48 58
27 53
41 42

44 11 54 77 73
30 63 35 83 64
92 42 23 50 84
87 77 75 37 81
7 9 92 90 68

8 68 29 73 73
34 28 43 36 83
77 6 67 5 5
1 70 2 53 15
91 18 26 35 18

100
81
92
9
83

77 68 24 45
88 15 95 94
51 79 72 17
75 63 38 40
98 93 89 98

67 41 33 85
84 76 47 64
45 22 78 98
37 4 45 63
5 28 34 18

24 39 52
57 22 29
56 1 11
23 69 82
76 51 57

31 82 70 76 92
75 71 32 36 18
6 71 69 37 16
66 20 56 91 49
6 36 65 40 6

67 24
52 34
48 4
20 100
97 36

23
56
27
3
87

72 60
46 47
44 83
45 13
75 42

54 33 73
100 9 88
76 8 100
11 79 59
92 85 89

55 78 13 75
78 10 50 86
51 16 10 100
8 36 55 64
96 67 45 86

81 6 88
89 95 54
29 36 28
94 96 34
92 87 83

2
78
96
50
72

3 41
16 44
90 88
48 26
46 37

43 1
48 98
76 67
73 82
81 81

44 8 14
31 92 66
7 78 58
35 44 3
62 11 50

60 79 33 49 5
48 31 24 52 94
83 80 78 36 7
85 91 70 12 55
84 10 77 54 41

87 75 76 58
13 93 75 35
33 80 91 36
11 75 14 32
31 77 34 32

16 13 85 91
94 72 58 14
75 93 48 51
99 72 81 4
3 19 16 56

19 33
21 70
91 92
6 35
63 83

77 9 78
81 28 98
5 67 56
18 31 34
67 99 80

25 93 78 76
24 63 44 23
87 34 16 23
84 33 11 14
1 45 42 69

81 63 40
30 52 34
20 36 39
56 6 6
93 29 90

80 20
11 50
84 76
77 3
36 15

40 24 53 92 4
41 48 99 87 80
37 24 95 80 25
10 92 48 42 1
11 57 83 58 84

74
31
98
24
12

97 39
45 89
35 93
13 56
10 95

57 11 64
55 42 41
17 18 24
87 70 87
97 35 41

66 9
68 89
64 74
96 49
26 32

53 8 64
23 70 70
32 81 57
2 36 75
15 12 58

77 18 62 25
11 1 25 87
57 28 30 43
79 32 5 20
52 68 50 64

92 20 49
60 17 93
28 40 7
82 43 82
50 88 78

72 85 9 48 35
52 84 30 51 64
48 79 9 49 97
11 46 96 78 54
52 94 26 90 97

71 14 18
9 81 25
65 77 15
17 92 24
63 95 57

28 4 26
8 7 28
96 41 19
59 54 73
38 28 39

56 66 87 73
54 8 40 83
6 51 46 75
82 28 36 78
43 14 16 16

91
62
27
57
53

90
25
17
23
62

66 100 2 21 6
63 19 10 4 67
8 84 77 94 47
41 42 82 50 20
99 69 47 65 95

80 46 12
26 89 47
92 10 42
51 18 2
70 88 36

69 42
87 4
38 78
55 7
8 69

27 89 10
42 48 99
53 1 31
33 17 82
61 25 18

87 100 67 55
22 96 75 66
89 10 25 79
66 15 22 77
55 57 93 12

90
98
82
73
47

92 62
86 27
95 32
93 36
5 20

33 19
83 66
16 38
35 17
44 5

2 24 4 27
30 69 25 26
16 83 68 37
5 85 4 38
28 34 41 100

15 51 66 75
89 10 81 61
67 43 59 37
55 41 69 25
25 97 22 45

68 22
3 11
51 54
17 15
25 90

89 65 28 23
85 93 19 54
84 2 38 60
67 53 22 73
48 26 94 70

8
62
48
67
34

92 67
83 100
95 64
37 30
12 43

11 14 59 9 77
33 26 28 16 29
56 83 15 64 81
32 45 25 68 82
30 14 52 13 47

55 49 26
17 13 42
78 52 19
54 53 29
38 64 32

77 29 10
1 68 100
34 28 80
36 63 49
98 77 91

100
23
98
46
79

5 52 66
25 58 58
27 92 41
9 91 30
92 88 28

21 42 24
54 48 55
78 77 41
53 44 11
66 33 82

8 97
3 70
53 20
62 90
96 66

4
99
18
39
34

82 38
58 27
34 5
42 37
57 73

24 17 75
96 97 15
31 70 62
92 86 94
74 9 88

73 54 13
100 80 92
39 18 60
50 39 19
21 59 44

59 43 49 76
76 24 56 5
93 24 99 34
42 56 21 23
41 30 41 55

53
86
65
35
69

82 33 32
52 12 72
58 82 20
73 41 28
24 79 7

67 56 67 35 16
50 50 57 32 51
42 55 40 14 56
47 17 49 68 31
64 39 53 83 15

67 32 78 59 78
80 47 97 5 38
68 23 9 28 6
11 89 17 73 11
27 100 58 36 18

44 14 48 3
23 61 34 37
90 21 21 26
69 17 27 74
87 83 53 97

43 15 97 70 90
63 31 87 50 42
51 74 86 33 87
47 34 36 68 35
17 70 11 82 1

46 74 27 94
87 92 9 91
90 61 89 80
100 37 60 83
73 60 68 2

45 55 71 52
30 26 75 41
72 98 28 32
19 45 47 8
23 75 52 3

63 42 74 68
61 52 31 94
17 32 27 76
67 30 34 57
10 21 80 6

89 8 25 81 77
5 86 58 11 23
14 69 6 13 10
71 1 21 2 22
30 12 37 100 30

36 2
38 9
36 32
80 53
11 63

28
11
73
63
11

63 33 35 82
60 60 76 69
83 94 67 21
98 38 83 62
36 33 74 23

5 6 67
56 76 10
1 60 77
45 50 55
9 39 87

21 18 90 77 77
70 80 19 83 85
45 22 46 40 22
25 89 20 100 20
66 2 14 25 94

90 26 16 23
10 41 53 48
77 4 46 67
12 22 5 90
56 89 17 89

35 96
35 39
68 37
42 5
88 50

84 6 18 97 42
62 40 33 73 62
21 27 22 45 50
58 35 65 33 60
42 45 38 57 51

84 57 1
100 29 79
88 62 70
42 14 5
51 76 54

25
57
29
3
56

17 1
84 84
64 52
48 34
93 78

22 1 40 24
85 57 71 18
17 46 24 17
1 36 50 53
52 13 40 40

20 48 10 55 71
34 59 77 65 39
88 29 34 63 69
46 59 79 7 92
42 39 76 54 79

40 13
24 20
74 98
7 89
73 85

96 4 22
19 58 50
100 88 95
38 13 69
23 15 89

72 75 9
24 6 46
99 11 48
88 40 28
62 92 5

66
94
33
77
40

30 8 66 19
63 70 78 15
48 41 89 80
98 94 28 4
61 56 46 99

57 15 88 46
30 86 78 10
33 42 2 67
84 72 39 90
63 75 6 59

87 87 7
44 57 65
8 84 10
68 77 72
37 89 55

55 87
17 15
20 27
8 91
99 35

98
81
14
19
38

87 42 44
54 42 5
69 99 11
42 67 98
4 92 40

75 62 65 14 1
24 2 9 9 3
51 88 41 4 27
48 11 30 5 81
93 30 10 75 58

74
32
35
31
25

5 85
49 58
41 80
83 42
92 46

57
7
78
45
58

1
79
19
49
44

63 40 35 100 12
70 13 94 21 40
34 19 74 24 49
47 94 40 34 54
64 45 56 9 94

54 8 87 1
18 42 9 3
36 70 50 99
43 42 33 80
8 75 76 58

52 29
76 83
30 13
37 87
49 26

76 89 19
68 81 26
35 26 23
23 73 77
34 8 58

16 78 66 33
100 44 41 58
76 12 100 99
5 89 44 63
6 49 61 38

19
78
11
26
4

57 7 12 16
64 42 5 89
56 6 45 34
59 97 23 26
27 4 55 72

66 24 78 23 55
54 48 99 89 2
93 87 65 43 60
81 43 81 50 42
67 29 53 14 50

62 61 59
89 72 95
53 33 86
29 64 26
70 35 49

62 1
17 5
29 7
55 88
80 50

48
9
59
27
16

15 85 12
31 97 93
15 78 1
31 100 7
98 6 51

78 8
5 72
77 71
86 33
42 22

40 37
21 69
67 74
5 20
35 37

53 46 61
86 8 80
71 57 74
75 50 80
17 40 31

65 10
32 24
47 66
86 14
62 78

24 1 41 36 99
57 55 40 52 27
62 34 39 44 70
66 76 94 96 79
87 26 60 25 67

84 77
20 64
1 67
75 41
48 60

81 73
38 20
40 1
97 64
94 75

34 73 82 27 58
16 77 72 47 50
15 67 96 33 51
13 80 71 62 40
79 56 29 91 98

68 48 59 15
51 38 75 45
52 22 42 34
9 38 11 38
38 57 56 92

66 31 13
85 29 42
60 37 21
59 30 96
97 92 52

3 36 4 22 64
18 38 15 45 92
8 97 5 19 71
67 13 21 59 6
89 8 54 25 20

78 67 82 9 20
46 32 56 74 62
81 10 30 4 86
19 91 27 54 25
82 87 92 100 31

28 56 95 1
75 72 22 14
24 44 81 31
69 85 64 47
39 66 92 53

71 85 67
96 79 36
71 8 96
30 73 67
58 61 31

39 87 74 17 21
47 37 19 72 89
13 56 42 19 84
62 30 53 92 60
71 88 5 90 28

22 15 5
29 41 23
38 80 2
9 2 18
14 80 29

24 21 82 42 64
80 41 79 42 96
3 64 52 72 27
96 37 86 85 80
87 24 68 74 31

21 39 46
52 47 37
82 96 11
66 86 75
76 47 86

95
52
89
51
55

64
18
27
71
33

11 49
94 14
37 38
6 34
31 71

16 32 21 33 30
40 8 49 21 40
74 19 78 64 7
78 90 99 11 38
98 73 6 14 29

85 28 50
48 35 15
53 86 14
65 73 51
39 12 21

24 47 28
14 48 95
75 43 81
51 84 71
40 47 49

23
38
69
77
47

89 95 52 27
14 77 2 37
83 57 65 88
7 22 61 89
80 75 44 48

66 61 94 90 41
42 60 25 29 60
11 34 41 23 54
5 77 17 16 33
66 78 41 9 54

68
82
86
50
45

55 68 77
100 28 22
23 95 12
68 26 47
84 60 69

52 35 35 61 28
17 26 4 32 81
30 99 55 53 64
28 19 59 14 99
19 25 100 20 10

100 34 32 97
41 40 87 52
65 6 9 91
76 30 80 33
18 39 10 35

67 25 28 32
79 16 93 21
49 85 13 23
69 4 53 36
90 58 61 42

16 39 77 68 38
86 42 52 19 22
61 62 60 74 77
48 10 24 97 91
93 20 90 11 30

90
30
70
30
38

86 55 44
27 36 45
17 44 78
50 72 68
5 30 11

81 28 30 17
75 66 22 73
77 43 86 42
60 27 26 47
58 96 85 55

88
71
13
61
23

22 32 97 58 13
45 61 54 6 15
13 53 66 11 87
92 44 2 4 35
72 59 42 57 26

13 18 64 25 27
93 21 91 14 48
85 30 58 33 21
9 54 15 34 21
37 99 9 51 55

54 73
77 24
20 81
24 49
54 38

76 15 96
84 29 97
94 7 3
97 54 10
22 56 97

42 87 70
89 84 51
25 66 44
1 51 41
69 78 39

52 45 28 24 93
13 88 16 7 93
86 31 67 52 18
57 20 17 47 72
72 20 72 93 19

85 98 42 9
38 3 62 18
93 49 42 77
95 13 63 60
66 2 42 35

11 62 21 100
40 84 5 67
8 35 49 31
80 24 88 51
43 80 22 89

42 56
40 84
17 24
39 90
96 55

11
81
64
53
21

9
4
21
76
16

81
97
78
21
68

3
66
96
9
86

23
37
15
44
48

6 79 26
72 82 14
15 41 28
78 46 75
100 74 22

23 97 74 76
54 27 93 37
70 76 2 75
65 27 57 82
3 89 75 92

55
90
33
91
64

6 24
81 61
52 21
90 84
87 57

42 62 29 52
26 82 74 91
20 60 100 68
58 43 19 76
56 40 37 13

54 78
68 80
15 16
55 27
4 95

80 46 15 95
55 9 6 56
41 99 3 68
53 55 25 31
28 56 7 8

35 88
56 82
51 83
78 27
7 30

5 47
86 68
90 83
76 63
47 25

89 55 2
87 96 90
9 56 62
4 98 94
13 74 31

22 90
1 2
15 34
3 50
75 42

7
71
79
25
13

45 79 96 45
28 82 46 29
65 56 79 77
18 21 92 33
95 68 37 49

1 23
22 79
68 91
42 70
3 95

83 70 90
60 36 31
40 33 97
91 93 86
43 47 66

33
5
4
58
8

78
13
87
87
52

66 27 46 49 93
87 38 67 33 16
61 87 91 24 16
83 19 8 25 16
15 16 46 16 73

80 43 14 39
86 77 89 56
36 12 80 10
83 5 37 81
35 99 36 78

99 61
39 55
89 20
40 27
54 18

18 60 8 17
17 75 5 4
68 31 89 27
90 51 91 60
20 30 52 95

36 30 77 13
15 24 6 54
75 12 89 43
50 87 48 40
63 44 20 22

97 86
26 54
69 10
2 57
3 71

86
31
89
7
4

13 39 21 26 79
30 49 24 93 69
16 55 43 39 88
64 75 33 56 100
1 60 74 62 43

60 10 63 82 50
61 10 44 36 36
16 63 57 69 65
75 11 37 52 43
82 92 57 39 99

93 14 98 99 1
86 86 52 2 71
78 42 6 19 6
19 12 11 16 4
92 50 1 1 28

70 97 58 94
9 60 67 38
88 40 77 36
97 15 40 97
87 34 83 92

30 85 40 44
33 46 29 20
25 91 69 66
99 4 95 41
95 67 84 93

88 87
6 62
53 94
23 78
63 80

92
96
87
68
18

23 88 93 35 63
54 20 29 76 76
65 41 43 87 87
20 80 61 75 73
33 32 67 66 4

11 82 66 31
79 68 55 23
100 13 42 38
4 77 83 55
78 53 50 18

39 55 78 19 58
54 74 2 46 17
94 4 23 93 59
66 23 43 78 58
82 70 52 79 75

40 37 28 95 99
28 5 28 8 12
49 61 54 61 73
15 79 34 73 37
5 63 40 46 94

92 67
91 15
93 3
79 14
39 84

58
81
79
7
26

76 65 33 30
33 58 1 94
24 70 25 37
91 91 67 40
100 96 98 40

17
28
59
31
30

60 25 88
70 67 51
8 27 89
23 60 6
97 94 81

27
78
46
96
62

12 16 5 41
51 68 34 67
73 36 10 52
65 7 63 27
97 27 16 79

17
37
84
17
27

92
81
30
44
21

29 65 47
61 74 81
57 77 74
95 23 23
82 6 65

5 16 2 30 79
18 59 1 19 75
54 89 15 96 61
84 70 65 85 32
88 89 71 63 72

48 57
80 33
7 93
9 61
62 51

25 16 88 13
13 45 16 82
32 19 34 19
53 40 18 91
82 57 35 50

79 15 92
52 41 86
65 97 63
33 15 90
84 52 76

59 87 91 21 52
36 86 93 92 38
41 90 87 82 24
58 55 98 78 72
68 79 21 54 99

50 74 22 15 20
14 21 30 63 46
89 86 65 44 46
97 15 44 20 98
46 91 10 31 60

10
67
96
43
40

75
86
53
83
93

66
54
21
11
28

49 74 5
98 33 17
90 58 16
45 66 72
46 84 56

58
96
86
45
59

100 61 50 63 70
79 40 35 75 72
47 58 8 15 33
59 31 89 40 13
14 45 24 40 36

46 14 19 28
50 74 31 64
2 11 12 60
16 63 29 12
27 78 67 73

53 51 16 23 64
76 14 89 22 96
24 3 2 43 68
68 67 70 5 30
8 4 88 51 84

54 25 93 18
76 68 73 54
85 66 11 91
78 36 47 31
73 44 99 43

1
38
70
59
14

30
29
53
90
71

43 36 66
87 30 50
28 93 81
5 59 53
70 36 73

48 12
39 49
61 41
2 46
15 25

36
100
87
4
95

7 12 20 61 17
76 71 76 90 85
24 93 76 46 76
64 2 28 90 51
32 20 91 89 51

16 42 99
49 16 28
33 97 15
81 83 41
20 43 9

11 42 17 52 8
9 46 29 78 35
87 41 73 30 26
54 93 99 34 46
6 62 15 86 47

3 33
15 22
85 21
65 86
81 5

67 9 93 96
71 76 13 60
37 2 4 65
98 40 41 78
82 86 74 98

38
15
81
32
29

41 59 60 28 63
77 94 52 34 52
55 72 80 37 63
72 53 41 41 87
49 56 35 34 35

35 78 90 13
29 32 97 87
10 56 81 8
16 21 4 76
35 50 28 83

69 26
8 97
16 82
53 52
22 69

53 87
84 56
53 43
41 87
96 53

46
57
71
95
41

3 71
87 69
98 44
75 45
26 80

84 95 21 16
3 72 66 69
72 48 33 74
32 56 33 25
10 38 65 50

70 56 2 3 93
87 45 59 85 81
36 54 11 45 65
91 25 7 30 69
72 63 79 55 98

12
80
76
43
67

19 3 59 92 10
29 36 75 12 13
18 55 57 72 31
50 78 37 6 5
2 17 83 61 59

27 80 62
23 97 65
83 59 75
100 54 89
19 25 52

100 48 99 78 41
16 71 90 80 86
5 56 83 93 7
43 34 82 12 94
3 25 69 82 84

21 99 8
31 44 12
35 96 89
91 33 21
70 60 21

14 68 76
31 81 48
50 71 67
37 58 19
88 54 71

24 81 51 60 30
42 1 99 88 57
19 37 45 30 78
68 96 50 15 68
54 1 28 37 32

84
62
66
1
95

62 85 63 28 41
1 56 94 93 14
27 26 4 79 18
50 82 32 100 47
86 97 82 44 31

79 21 13 14
61 10 47 70
99 77 48 42
79 96 76 74
72 29 72 9

22 4 43
21 34 6
67 29 88
100 29 92
72 92 16

16 78 65
99 9 45
26 30 43
30 88 37
67 66 81

51 48 98
3 28 6
23 77 7
79 37 43
7 49 87

13
49
2
38
60

61 78 31 10
7 41 37 23
32 88 56 31
99 68 32 94
49 54 37 99

90 68
30 25
29 82
31 58
30 79

85 73
48 42
9 38
87 84
94 26

30 38 78
35 89 45
96 66 72
31 66 41
7 35 77

83
56
58
37
13

38 57 26 72 82
86 73 85 83 1
67 87 37 9 40
28 20 31 14 63
81 71 81 18 9

28 36
36 60
48 65
99 62
66 83

63 64 76 29 63
37 59 9 57 62
7 1 61 43 98
32 83 77 44 23
39 95 36 87 70

72
53
75
75
26

5 77
73 21
9 99
80 19
88 66

37 48
71 47
55 20
30 7
48 89

73
5
65
66
90

99 11 20
10 1 34
67 23 48
99 56 38
66 44 96

84 97
50 28
40 55
3 8
46 38

27 80
48 20
33 8
21 55
1 47

47 3 4 5
22 69 79 28
32 63 19 82
29 80 67 35
80 39 27 89

50 56 7 3
79 67 71 40
7 24 52 43
40 71 77 35
30 79 10 68

100 91 58 87
51 21 42 39
61 88 76 94
34 9 33 14
99 35 98 48

15
50
26
2
50

9 23 34
60 19 77
99 7 15
91 76 57
81 7 33

30 80
28 65
52 18
28 78
80 88

35
76
83
48
36

54 47 41
85 49 61
80 3 15
4 15 67
55 51 74

33 29 11 70 26
41 99 57 31 100
46 58 26 36 68
19 83 26 55 2
13 70 14 48 37

48 6
13 75
60 76
94 28
49 64

61 26 86 2
34 95 90 1
41 74 25 1
49 52 95 36
32 4 100 54

4 22 43 58
68 41 48 69
69 58 67 18
67 77 80 29
31 58 65 12

18 83 100
74 29 71
14 86 15
67 39 80
19 13 76

56 83
77 60
77 76
85 55
57 100

86 16 92
40 89 43
2 9 71
47 58 53
85 5 23

26 58 89
65 92 49
51 92 67
91 30 100
87 41 42

55
80
39
16
45

47 18 41
58 73 52
80 14 21
43 21 7
98 26 60

97 51 32
100 4 21
85 94 6
77 67 99
33 71 88

81 62 84 87 87
9 18 87 50 10
10 8 93 89 6
60 85 80 7 53
42 96 19 20 65

33 77 71 96 97
73 38 54 3 78
27 33 84 3 21
70 6 57 39 71
41 9 71 63 26

81 64 20 21
49 97 40 10
67 97 13 1
21 88 82 87
60 25 70 6

91 15 81 72 65
25 96 99 82 64
52 59 4 87 53
68 85 88 30 88
99 27 40 62 84

23 4 57 88 80
2 95 42 56 59
39 38 59 24 65
8 13 82 64 46
14 35 10 38 64

32
2
87
66
97

86 46 25 30
36 53 89 96
52 81 87 61
24 96 29 86
19 26 93 16

38
55
7
61
3

77 5 10 96 79
36 93 40 80 85
50 74 28 31 88
4 7 90 72 88
93 19 99 72 79

27 74 55 46
34 57 94 25
9 57 45 31
29 2 79 48
62 61 75 75

22
62
88
53
100

81 36 31
82 38 56
5 56 80
64 52 78
34 99 89

44 60 88
1 2 70
76 11 6
37 82 61
69 37 29

45 63
80 93
63 26
72 90
72 51

65 43
28 90
54 30
37 30
19 43

5
32
52
16
88

6
29
1
81
36

33 10 46
97 70 81
98 90 69
43 81 15
19 13 65

31 6 98
1 52 57
30 9 24
97 66 9
29 29 86

24 4 20
92 45 75
96 11 76
60 97 52
28 1 62

27 39 27
76 25 38
93 18 8
24 45 80
98 100 12

31 86 70 76
75 46 36 61
4 53 94 48
30 18 13 63
8 82 82 61

21
60
49
13
31

72 89 91
25 82 91
7 16 90
29 72 87
95 9 66

33 23
72 93
84 74
14 56
39 92

27 42 55 56
51 30 78 51
40 81 90 80
1 5 23 55
41 12 80 45

10
13
14
90
6

75 46 26 94
19 48 74 38
55 25 80 5
54 20 61 58
60 86 18 51

4 78 4 44 83
64 43 20 90 53
90 47 17 82 19
95 64 61 35 11
72 47 75 12 62

65 78 40 53 96
84 86 62 78 89
15 4 12 69 64
90 50 73 80 51
3 58 71 72 99

67
89
53
71
42

18 7
49 3
65 13
9 18
17 5

9 21
6 77
78 44
52 100
81 37

64 57 83
82 80 84
65 55 74
2 34 45
40 56 22

50 69 68 32
48 44 31 47
19 54 26 86
11 84 36 16
28 78 84 7

57 33 65
37 64 59
43 2 72
7 19 68
78 16 96

27 68 21 87 18
68 42 77 22 3
42 49 34 31 32
88 67 38 36 44
96 17 71 84 48

74 23 32 19 79
95 73 100 45 42
2 71 86 29 25
15 94 75 84 53
67 97 96 21 23

82 32 60 7
84 9 48 74
26 18 92 62
55 91 99 97
86 52 38 99

25 57 84 10
16 87 68 55
21 70 97 11
7 62 89 45
52 29 40 71

15 54 69 60 77
97 92 64 60 69
27 57 94 16 66
27 1 49 6 1
26 28 87 94 34

52 72 81
43 42 95
32 6 93
68 19 5
87 65 68

5 62 45 91 12
47 14 10 85 96
49 66 64 33 8
4 11 92 41 1
55 82 53 94 70

79 1 6
88 53 29
78 87 90
57 9 68
31 5 39

58 46 76 69
6 88 5 20
33 64 92 93
89 26 27 16
38 94 36 19

22 41 43
8 71 40
75 50 47
18 82 96
25 51 83

76
97
40
83
8

13 58 28 94 70
88 98 80 29 54
81 96 83 62 74
30 68 60 4 51
88 5 55 55 20

59
57
43
38
76

46
50
22
1
23

65 60
76 63
39 54
64 24
52 6

70 49
26 58
88 36
9 76
67 68

54 77
9 3
69 33
18 66
21 78

59 31 77 5 62
21 84 35 53 51
9 76 10 15 67
12 38 24 45 37
80 28 33 50 51

53
27
66
83
60

21 2 24
72 60 21
21 3 93
76 2 57
39 24 61

75 62 42 42
14 64 4 16
26 28 99 2
12 51 4 18
10 17 49 68

56 8 90
16 55 87
73 45 6
55 37 8
17 87 31

44 9 11 2
82 82 3 82
3 44 90 76
86 22 60 63
5 40 70 100

21 35
49 87
95 71
72 50
90 32

25 90 12
70 10 86
9 50 81
26 47 21
69 30 58

75 38 63
5 51 50
23 12 9
4 28 29
46 16 46

41 51 83
46 6 63
16 42 31
14 34 54
87 43 47

6 79
13 77
88 82
28 97
84 21

8 7 91 89
59 95 54 76
17 14 85 31
24 2 92 93
50 84 91 2

48
74
39
5
50

10 20 9 72 37
63 7 16 83 29
10 49 56 97 4
5 94 1 15 75
68 54 53 70 37

36 60
23 24
63 64
68 24
79 63

11 6 77 28
79 25 54 9
43 44 32 84
36 66 28 73
35 97 84 42

24
46
84
96
54

7
24
23
15
98

52
73
21
59
83

66
39
100
30
12

26
20
91
36
31

51 66
12 2
3 54
23 54
57 91

87 61 72 65 59
96 52 43 40 13
52 7 38 25 26
85 12 87 10 40
77 59 89 47 24

90 25
61 46
66 70
24 4
37 6

66 50
68 8
74 53
97 35
60 23

56 10
91 42
16 28
51 64
94 42

49 78 64
77 54 84
86 68 34
16 33 35
51 100 45

100 38 8 94 47
24 68 9 51 46
61 54 9 26 63
97 52 56 47 17
91 11 55 99 20

53 28 41 13 13
17 57 35 46 56
78 92 99 91 8
13 12 77 71 5
95 3 38 74 17

26
25
85
98
93

76 5 75 61 71
73 67 8 20 3
87 78 74 15 38
51 27 3 87 42
59 2 18 87 61

32 77
15 30
22 33
17 85
74 18

23 95
59 64
63 48
15 22
77 49

44 49 7 45 68
95 41 23 52 43
10 35 56 38 82
85 70 96 66 31
21 97 9 81 16

78 40 83
99 15 30
46 49 35
24 42 55
64 40 89

76 20
74 15
89 33
91 64
75 63

65 87 36
66 10 89
54 96 46
9 51 60
5 41 17

85
90
48
31
75

100 98
38 87
16 84
88 90
54 81

4 14
31 21
77 55
54 91
14 89

30 40
96 19
6 44
7 8
9 82

20
58
82
38
16

28 23
1 51
48 78
77 35
69 45

2 53
78 46
45 48
80 58
32 23

46 90
55 28
68 66
75 79
6 86

30 68 20
93 14 8
70 25 28
35 70 31
38 86 90

96 86 13 75
69 65 42 90
47 33 59 41
73 100 32 90
45 2 35 100

2 26 24
82 73 59
15 16 52
17 45 61
35 36 33

54 56
25 25
95 71
94 44
78 22

73 86 95 32
20 23 40 29
69 21 97 76
71 30 46 12
58 48 22 30

14 91 22 96 90
26 4 74 52 79
91 71 43 35 61
54 2 96 22 44
8 42 40 23 54

50 65 55 39
90 36 76 30
75 50 57 2
89 90 97 33
45 14 78 19

81
77
88
34
77

54 20 84 58
6 27 13 78
72 43 75 20
70 57 92 10
34 49 46 6

30 78
69 77
81 82
29 42
29 31

79
34
84
100
87

5 88 1
42 7 65
56 4 31
93 100 4
49 42 96

24 52 45
67 46 58
65 55 75
100 33 66
75 63 18

99 91 12 28 45
9 29 20 60 28
3 13 58 99 3
55 29 51 63 79
45 75 9 73 13

77 33 14 58
24 64 10 36
23 30 5 29
75 51 6 51
9 69 68 49

93 40 92
1 99 17
79 55 30
4 55 93
42 14 10

30 27 60 37
23 87 20 19
14 20 93 63
73 20 83 89
57 49 13 83

58 81 42 58 88
30 18 100 24 58
39 99 85 54 73
96 2 72 29 7
51 25 27 13 45

97 15 78 72 88
17 27 91 1 96
80 24 42 92 75
95 57 89 45 56
75 36 72 61 47

76
97
94
95
33

59
71
98
91
8

16 79 32 40 49
8 63 21 36 80
8 65 50 64 22
17 66 80 21 28
72 80 75 83 98

16 57 34 72 19
17 83 45 75 94
93 4 43 2 14
49 45 89 84 95
9 85 68 69 98

64 58
89 65
33 93
47 71
100 72

2
71
49
12
68

75 55 14 24
42 48 21 63
61 16 48 92
91 9 53 34
40 25 47 64

64 73 23 94 14
72 46 40 51 11
20 37 38 39 68
17 24 90 44 59
52 43 90 59 79

20 84
83 58
93 83
55 70
37 62

3
39
43
46
78

49 23 23
87 36 21
2 63 25
43 18 70
19 25 37

50 31
53 48
42 99
4 10
72 72

3 28
32 78
31 34
71 80
71 1

36 50
16 3
72 3
81 78
7 51

35 1 70
67 30 60
43 97 40
74 12 67
7 22 66

86
91
62
75
66

94 63 55
61 81 75
55 18 41
22 51 3
81 66 93

96 23 62
81 17 63
76 27 78
27 58 80
31 4 13

62 15 27
97 76 68
85 97 60
53 75 4
4 59 49

66 100
99 86
10 61
3 94
88 89

35 43 41 42 81
29 46 76 50 94
35 22 90 47 47
63 9 68 16 63
56 48 68 63 48

23 66 6 79 15
9 5 64 36 8
99 90 79 25 88
3 77 2 72 72
84 10 71 54 17

98
51
30
45
22

33 15 95
4 80 90
17 10 70
43 28 5
59 25 44

74
29
68
46
61

85
33
40
97
14

83 2 47 67
29 83 38 49
52 81 52 8
13 70 39 40
78 91 48 55

56 91 85 4 10
92 15 92 67 34
38 66 30 5 45
70 59 49 49 60
67 62 54 28 87

42
6
22
7
54

12 11 64 45 60
78 8 55 75 91
61 84 46 88 46
54 11 18 17 97
51 78 68 60 42

71 6 38
38 36 17
6 89 97
88 64 15
100 93 40

47 55 57
91 6 56
21 21 82
62 38 81
52 12 62

52 3 89 86
70 3 4 34
28 13 4 44
27 6 92 100
65 94 9 71

71 2
82 83
90 17
55 31
75 68

32 91
75 83
95 92
99 93
91 100

57 60 32
59 16 85
50 77 9
46 19 90
22 51 27

27 87 70 63
35 99 57 25
19 9 9 75
72 35 65 72
32 83 21 13

66 90 15 30
86 51 26 83
94 72 40 15
49 96 78 9
35 68 68 6

83
58
49
69
7

92 72 12 70
34 30 12 56
46 73 43 90
36 25 69 68
1 92 55 17

92
59
46
99
94

59 56
58 19
51 70
43 24
44 50

85 37 75 9
51 28 47 59
27 80 88 83
44 95 47 4
59 98 28 10

30 42 97
30 32 23
47 65 49
65 40 96
9 22 65

20 75 36 97 5
58 21 5 71 70
92 60 6 98 96
14 90 70 45 76
47 41 75 2 72

40 83
62 86
9 37
3 78
71 79

68 76 24
50 32 60
1 40 57
4 69 26
80 25 10

44 100 49 75
77 8 60 31
47 97 14 51
89 8 89 63
53 24 57 77

50 14 29
1 57 74
81 20 52
37 14 82
6 36 6

77 6 13
17 24 59
15 35 18
39 11 31
12 91 33

33 87 74 54
72 91 100 59
74 35 82 39
88 80 15 85
70 62 12 34

79
67
84
32
8

56
81
63
47
52

86 41
26 76
56 89
91 85
41 95

29 86 28 20
45 68 24 40
12 22 90 17
29 82 64 93
16 4 24 89

87
21
99
98
65

47 100 83 85
74 57 94 27
74 1 10 76
21 32 77 91
54 54 45 28

55 3 48 45 21
51 66 94 60 63
61 20 1 66 77
25 13 13 85 52
22 11 50 24 67

40 49 92 57 84
48 56 48 2 99
40 36 36 59 52
11 34 65 42 8
89 15 83 31 66

8 94
18 81
2 71
32 13
98 29

31 67
42 64
79 59
70 21
66 99

61 31 46
56 11 69
71 82 68
61 88 80
29 12 38

58 16 38 53
14 48 49 54
35 81 61 39
14 94 27 73
93 68 50 52

73 83
55 70
53 51
45 58
94 11

52 91
4 71
11 87
84 52
45 85

95 36
81 88
9 47
86 97
78 40

64 63
59 40
54 99
43 18
21 67

29 55
41 74
20 44
7 4
91 86

47 9
47 88
70 10
75 46
85 15

19 46 13 58
30 96 51 11
23 47 40 85
5 28 90 78
44 87 47 8

18
91
5
95
24

82
16
61
69
26

16 77 38 100 16
31 22 32 38 78
18 96 16 78 55
89 3 10 53 88
95 96 83 99 12

1 35 56 74 44
75 89 18 100 98
89 3 97 7 20
61 84 27 15 73
79 95 57 10 24

12 70 8 5
20 98 30 54
44 39 72 46
77 57 27 35
47 47 62 11

51 1 31
19 86 61
80 29 65
89 23 90
21 24 21

26 96
81 59
39 64
91 23
58 3

18 8 8 78 5
93 52 52 68 22
82 63 82 91 40
89 32 39 81 21
67 100 87 7 88

79 64 38 24
72 19 72 55
34 31 46 7
31 84 22 64
47 43 4 13

47 20 2 49 61
31 82 76 22 55
29 57 86 19 41
77 61 23 84 44
79 28 31 78 23

25
60
84
47
3

74
39
42
78
71

54 77 78 16
5 81 42 61
39 34 8 33
20 72 34 54
84 97 2 93

43 90 71 80 14
61 9 27 69 15
7 16 44 10 99
48 48 74 82 37
49 4 29 28 81

40
70
84
16
50

55
1
69
87
88

48 94 1 89
23 50 85 97
26 100 48 9
1 76 87 49
23 31 25 36

41 38 1 48
100 79 75 72
94 42 77 18
55 16 22 61
68 87 84 26

48 18 39 38
11 10 93 98
39 22 44 87
25 89 40 70
76 71 11 98

96 49 41 66 33
23 81 27 84 67
95 59 2 40 93
67 72 49 46 22
79 83 4 11 75

53
14
2
36
91

65 92
78 46
66 23
72 51
6 58

61 42 6 24
87 18 12 15
90 17 36 34
42 8 23 28
21 31 18 97

36 85
56 36
88 45
37 49
81 45

99
35
11
100
89

80 95
3 26
81 69
47 47
39 52

13 46 73
33 96 9
82 64 52
30 24 30
70 78 38

66 81 36 79
12 55 76 32
60 11 54 1
43 8 64 49
20 67 74 36

63 36 70 98
83 27 80 59
93 58 88 66
62 91 20 6
33 25 43 29

95 48 39 86 93
96 39 15 77 58
95 37 33 43 20
88 76 76 51 3
33 32 16 4 66

61 51 78
24 87 12
39 57 54
37 80 99
88 13 47

26
73
10
25
62

94 77
97 3
21 11
25 36
98 94

27 73
37 8
54 38
9 38
34 18

26 76 86
60 43 79
41 24 82
25 97 50
30 24 40

99 99 77 89
12 51 55 8
51 56 85 18
95 14 67 99
52 3 93 55

93 57
62 100
85 66
50 22
41 27

82 66 53 82 86
34 95 58 91 47
48 51 12 46 1
16 13 12 86 99
10 84 90 71 41

13 24 31
91 18 78
9 60 6
39 20 91
73 65 70

5 84 47
47 4 67
100 46 2
40 56 50
99 81 12

66
92
12
86
56

82 61 25
60 90 44
39 56 52
67 82 16
91 21 20

87 55 75 10
38 26 5 15
16 86 60 16
6 11 92 95
69 46 89 17

85 47 70
6 82 27
36 15 54
65 3 100
52 3 17

10
37
93
86
24

63 16 86 93
100 40 27 89
73 43 91 87
62 90 40 70
11 53 67 77

100 94 36
27 72 50
89 71 96
76 95 16
65 68 54

97
4
81
6
51

14 26 25 24
66 6 2 14
97 80 41 99
44 27 84 51
99 79 12 65

9 91 16
2 8 92
3 20 100
80 84 20
74 88 19

16 36 45 21
28 100 62 69
23 75 25 13
9 9 10 57
27 18 88 69

37 73
100 98
63 17
5 34
27 37

29 81 87 59
62 59 25 3
18 51 57 7
30 35 72 87
97 77 37 13

69 1 4 57 65
19 65 89 98 9
63 53 25 78 52
74 42 19 50 61
27 12 9 82 70

73 52
18 84
56 43
13 59
33 45

26 14 54 99 94
24 21 78 17 78
20 33 62 33 6
39 9 76 33 65
40 89 86 34 33

98
10
18
68
14

99 65
4 13
17 67
38 57
21 9

75 84
84 74
30 88
52 15
84 24

90 36 60 74 74
88 45 49 72 1
51 36 8 61 56
92 89 98 77 28
21 64 15 67 28

43
14
5
89
98

65 91 54
67 96 31
48 32 97
3 65 49
44 40 57

59 100 9 62 76
98 56 37 95 77
62 16 59 16 24
99 54 95 42 89
45 37 9 92 19

41 42 52 76 31
97 4 85 96 86
25 78 36 20 51
63 33 57 12 14
40 70 34 44 52

39 3
42 89
27 14
22 51
83 1

76 50 63 5
51 85 39 65
15 90 83 32
9 53 48 33
90 2 88 85

44 75 55 43 84
77 75 16 41 58
18 99 33 6 90
49 82 41 49 39
100 91 10 41 18

87 51 42
53 18 67
97 1 19
22 74 5
61 73 100

59 94 68 57 73
43 41 39 86 63
48 45 37 7 41
53 51 60 99 33
3 18 8 34 65

2
94
76
61
5

65 59 49 54
76 82 38 20
35 44 20 1
75 95 47 68
94 31 18 44

86 48
16 18
89 25
83 6
44 34

98 74 42
2 72 60
79 78 11
98 48 82
66 91 55

57
100
97
16
73

95 8 56 26
60 56 99 27
66 74 71 72
96 99 2 33
24 97 66 75

5 45
76 67
23 74
23 89
6 79

75
79
89
78
33

32 57 59 82 7
97 78 73 88 35
6 93 73 26 93
19 30 100 96 37
83 47 69 51 92

5 60
59 63
70 23
21 98
9 63

92 63
18 92
68 43
77 28
64 97

92
93
63
15
83

95 74 31 58 6
29 82 35 16 55
37 65 51 19 42
4 40 72 97 31
12 39 30 38 87

79 39 68 43
90 3 53 15
93 73 4 76
39 97 1 71
2 25 9 71

12 92
82 44
70 76
98 12
72 72

65 55
56 98
77 96
31 28
83 52

83 67 77 24
2 1 90 18
55 96 41 12
35 13 55 31
49 42 73 22

62 85 54 75
35 70 87 25
91 36 88 69
19 19 60 23
53 20 96 73

53 68 98 1 17
28 33 59 4 3
36 59 7 34 9
54 54 51 99 25
20 71 35 5 75

28 77 53 59
78 59 65 17
68 80 32 48
75 17 85 53
70 48 68 52

18
12
77
31
50

70 60 32 11 33
29 26 19 54 53
56 80 17 36 47
9 4 19 79 77
23 70 99 32 27

15 65 38
82 90 32
72 20 69
38 70 36
26 62 21

71 99 90 23
39 77 41 96
63 97 68 77
93 48 31 45
11 58 88 59

68 84 77
90 62 44
55 71 61
7 38 62
28 1 44

21
64
89
89
20

32
67
84
12
9

41 1 77
91 78 95
89 35 2
38 71 34
42 80 87

54 53
92 39
86 46
36 9
73 72

2 46 61 67 42
73 55 76 35 46
68 40 99 75 67
41 78 30 60 6
60 74 62 27 76

72 80 65 38
23 91 98 12
58 6 94 45
100 37 14 29
81 45 97 63

54 60 99 70
20 31 91 57
89 43 69 77
67 87 94 54
87 17 16 31

16 75 57
12 55 4
55 70 49
19 87 78
93 28 80

89 14 92
94 22 10
92 4 1
69 3 37
34 93 44

63 65 93
12 8 44
54 39 70
80 25 9
32 34 54

39 37 44
43 28 16
1 52 17
90 14 44
50 9 77

4 22 23 9 42
76 34 55 65 91
94 61 19 90 42
22 88 94 75 94
25 81 84 71 76

5
38
95
64
84

62 35 15 1 21
24 38 49 13 13
19 22 98 89 73
6 36 78 70 1
45 31 44 9 95

57
67
9
15
96

98 96 55 66 24
29 8 33 32 29
43 85 40 74 56
23 33 45 98 97
11 85 33 7 35

45 12 43 62
22 69 35 61
94 52 47 20
87 19 1 21
57 2 82 27

95 65
1 13
43 78
21 32
23 30

28 89 28 50
99 72 2 23
87 94 8 27
80 34 30 99
3 18 26 20

85
6
11
39
75

87 9 9 100 90
10 82 57 63 88
30 15 73 17 96
68 74 41 96 32
94 14 33 70 74

68 75
41 31
26 8
73 45
3 66

57 29
8 28
10 33
75 87
5 33

51 40 98
49 86 95
54 70 99
70 65 45
82 38 89

12 7
12 10
10 30
88 45
34 48

11 42 85
56 55 64
21 11 97
36 73 64
23 24 57

45 95 83
42 35 35
99 87 50
94 94 19
46 85 8

75 50 43
24 57 53
68 63 46
58 55 14
44 99 19

37 31 11 16
45 69 54 28
90 33 68 90
96 97 76 50
26 42 18 78

86
41
45
87
38

57
19
90
75
96

58 70 4 88 36
11 78 12 44 15
47 64 76 90 95
92 12 51 62 25
21 46 11 48 30

9 48 43
43 32 40
47 75 85
86 2 71
81 37 81

32 74 89 6 22
97 14 62 43 55
29 15 27 44 47
48 37 74 92 35
35 22 8 81 78

1
7
9
20
67

48 74 28 31
30 39 70 41
48 83 59 93
16 2 50 15
37 75 71 7

96
95
56
59
2

46 18
17 88
27 100
22 6
41 13

87 6
6 20
32 40
11 43
89 35

12 78 23
25 25 11
21 34 39
28 20 34
11 80 10

64 76 13
46 69 14
73 90 100
12 63 67
9 75 60

42 44 76 33
44 41 66 92
98 36 37 25
75 9 88 36
57 89 57 21

25 29
56 63
33 60
79 71
35 25

72 58 21 86
58 38 2 11
82 2 35 15
27 8 64 12
85 66 49 9

43 93 69 20
93 72 14 90
44 8 82 45
71 93 63 18
78 86 36 15

23 7 98 36
34 74 76 94
42 51 70 10
85 19 6 98
96 73 89 46

91
96
47
18
38

43
51
82
98
17

83 81 22
87 27 21
9 77 68
54 88 27
40 69 88

66 15 73 84 5
46 26 94 97 61
76 61 10 78 28
74 16 85 80 8
85 48 85 10 30

82 96 63
90 79 19
64 81 10
11 93 28
57 58 14

9 84 95 57 32
13 87 7 17 53
76 84 55 40 6
38 98 80 92 38
74 61 57 69 40

55 48 91 78 5
29 88 18 6 67
19 38 71 87 8
80 9 10 90 75
64 78 9 79 40

48 7 20 15
18 97 87 59
12 27 25 22
70 91 44 6
50 67 16 96

82 48 65
37 16 18
48 49 26
57 84 62
3 89 74

37 78 7 18
20 36 76 68
44 68 60 92
98 3 31 85
88 55 90 64

50 78 76 16
100 68 22 74
35 68 25 73
78 31 28 74
15 54 84 44

35 71 49 74 63
6 4 33 33 15
79 80 41 39 91
47 78 64 74 89
33 52 31 1 12

93 18
36 8
48 63
27 88
67 78

56 79
21 96
15 86
65 23
77 25

6 30 97
93 23 86
71 28 33
43 84 48
76 10 28

59 63
13 88
67 87
6 18
50 78

28 18
23 88
35 42
76 19
60 40

19
89
25
51
37

51 80
12 26
28 24
41 94
99 92

95
14
18
41
46

33 73
69 59
83 85
69 35
17 69

33 68 73 67
63 99 23 56
45 7 92 89
83 94 28 76
9 79 48 23

95 55 64
90 42 39
74 42 41
70 87 5
78 51 41

51 74
17 55
79 29
85 42
56 57

5
76
61
63
85

34
85
81
22
57

9 95 25 5
31 93 62 85
31 76 79 82
11 65 75 10
3 74 60 9

83 44 40 52 67
69 19 52 6 63
56 17 81 86 89
36 57 18 22 17
27 22 26 1 6

40
11
78
54
3

72 76 27 55
35 81 45 70
1 49 29 36
24 9 100 90
8 16 44 29

56 24 9 88 51
67 3 78 6 59
69 3 68 68 27
82 98 53 75 87
58 3 44 60 2

87 2
34 77
5 81
58 15
9 89

61 55 100 66 63
75 89 43 51 77
79 33 11 28 90
8 27 70 14 41
78 32 89 9 96

42 94 45 7
100 10 45 35
4 97 77 44
78 60 32 27
5 33 23 14

80 76 28 29 28
92 12 71 88 32
66 35 35 74 20
84 64 20 15 58
68 5 71 85 27

58
24
86
21
64

34 75 77
2 85 78
97 100 53
88 29 73
31 7 100

63
65
64
75
94

37 14
9 45
3 29
100 28
3 49

74 80 70 53 35
28 22 63 17 50
36 15 60 21 52
47 70 68 71 32
58 32 39 50 67

81 19 68 33 99
15 2 76 68 30
92 59 62 64 2
66 96 65 61 92
44 13 46 76 45

69 30 39 85 93
29 83 78 53 29
48 19 59 85 47
65 79 21 86 85
82 48 68 62 100

41
1
37
91
33

6 65
50 27
73 32
45 69
56 96

98 29 19 3 66
21 18 94 30 91
21 57 75 77 62
63 4 79 56 41
30 85 8 74 12

77 23 80 72 98
50 71 68 11 94
42 83 49 73 6
83 13 6 30 53
25 90 31 7 66

38 39 55
4 86 79
54 92 100
2 24 3
69 14 100

19 24 89 61
54 65 26 87
30 72 9 6
94 2 30 4
97 96 60 96

38 5 11
88 61 45
16 10 18
15 46 65
97 47 65

9 27
57 7
4 9
22 71
95 29

26
12
46
16
38

44 23 20 39
67 3 75 73
35 69 80 45
84 34 42 9
83 13 34 9

3 19 91 67
14 67 3 34
28 14 76 33
32 14 5 84
44 88 88 51

45 57
70 4
81 73
23 66
66 42

60 98 84 89 14
86 50 37 30 84
14 5 61 79 18
19 71 33 88 24
36 4 62 57 85

13 10
83 2
38 57
29 41
59 29

93 3 82 25
32 69 24 50
18 79 68 75
66 96 75 54
35 92 53 75

36 91 72 46 93
73 23 44 63 25
42 33 93 33 80
5 45 6 94 14
81 13 55 65 23

36 38
75 94
9 68
41 16
14 89

30 30 76
68 92 50
29 88 13
77 27 59
91 70 82

40 77 46 98
97 56 81 91
45 11 78 84
14 96 86 26
69 67 71 12

75 100 50 69
10 25 95 99
14 48 57 30
44 22 7 94
63 47 76 35

75 17 24 61 83
20 26 37 72 48
29 96 88 1 71
75 43 51 45 33
78 17 18 84 30

7
30
20
12
71

68
14
30
27
32

54 54 53 95
21 14 51 87
30 10 18 36
89 45 69 23
78 92 39 36

10 11 29 41
92 20 81 60
7 1 52 55
47 22 22 34
43 22 98 53

46 80 77 93 10
20 26 75 45 37
85 44 5 15 85
99 29 63 76 23
6 92 7 22 4

68 7 60 6 83
65 79 58 100 84
6 19 39 93 45
97 44 93 61 69
88 71 3 86 43

56 13 12 98 66
27 70 66 42 59
19 52 78 11 77
37 66 33 48 57
87 25 3 30 1

35 77 43 32
30 11 46 15
81 56 36 15
7 74 81 53
4 9 93 57

50 16 33 57 85
32 64 75 67 81
4 61 61 13 18
93 4 68 65 92
28 64 74 45 82

3 51 83
60 29 21
26 94 53
4 66 52
18 94 21

35 15 21
30 79 21
85 42 99
32 17 81
4 45 2

100 28
35 90
29 56
38 24
46 83

11 70 2 71
64 76 45 29
90 6 48 17
75 81 6 80
64 30 85 26

45 82
2 49
29 100
96 55
67 81

25 17 79
46 13 60
9 8 71
68 4 32
78 19 10

30 36 55 29 18
46 17 72 19 93
8 5 76 6 1
54 39 6 68 51
17 57 93 49 87

79 41 32
55 91 13
73 19 86
7 62 24
9 10 83

38 38 67
6 91 13
26 31 26
57 76 25
30 9 5

96 10 57 11
43 5 7 44
42 85 3 27
44 63 25 58
67 18 54 51

39 17 86 53 61
50 26 44 58 68
39 18 62 90 13
58 60 66 62 41
63 42 65 72 83

63
75
38
77
59

63
67
41
4
68

44 57
58 11
76 46
86 70
99 48

61 30 10 75
73 33 57 64
7 37 85 42
40 32 70 61
10 86 34 49

18 98 12 92
90 21 38 73
50 82 76 54
80 46 80 76
95 79 15 51

82 95
41 7
82 41
72 68
30 33

33 7
90 26
64 21
9 82
92 78

16 57 66
28 13 50
72 19 5
89 13 16
88 80 25

16 33 36
87 35 18
34 30 69
25 2 57
90 45 97

19 55
8 97
15 89
57 49
60 29

75 97 66 90
8 50 54 26
28 74 19 33
100 71 42 28
20 65 3 4

74 57 63
26 1 86
27 99 78
48 23 15
95 43 41

51 72
63 6
18 43
8 23
61 19

80 82 74 30 65
84 48 73 59 78
32 20 71 78 10
49 69 76 34 83
47 51 27 83 17

59 67
80 54
69 78
32 71
27 68

34 8 50 54
38 16 38 87
35 100 80 93
97 64 3 11
5 84 80 4

17 18 5 80 91
60 50 54 96 99
27 48 50 37 5
88 48 90 56 63
60 68 47 56 86

89 87 35 46
25 53 61 81
81 78 96 92
5 22 93 94
6 31 46 88

4 95 86 51
45 80 3 2
55 59 97 72
34 17 97 23
48 37 20 36

53 54 20 96
35 20 45 4
83 100 34 12
96 64 16 83
3 68 33 28

51 62
85 51
33 39
95 87
35 7

30 90 47 95
96 82 79 66
40 67 37 71
34 52 82 95
76 8 76 90

38 80 32 83 59
86 74 76 8 14
50 31 96 23 93
74 96 23 53 86
94 90 29 17 33

43
23
93
3
93

57
87
29
6
61

100
48
70
12
85

19 11 59 92
36 33 12 95
89 52 57 87
64 4 24 73
48 98 62 31

26 87 15 43 12
63 36 79 45 34
34 10 85 13 45
1 11 39 35 97
28 2 80 95 37

53 35 21 86 21
50 83 36 12 59
21 72 89 37 44
34 55 59 40 6
78 66 69 55 82

89
67
52
70
95

54 84 100 76 77
46 18 73 35 98
24 23 45 90 89
46 58 27 89 98
53 96 99 4 61

65
19
13
73
89

88 95 66 67 53
83 95 56 26 41
94 77 26 50 32
29 71 59 58 76
22 22 9 81 7

83 76
67 1
25 27
39 16
2 100

59 90 51 30 41
32 51 79 42 25
70 93 72 30 50
58 15 43 12 36
81 71 63 97 50

60 12
86 77
86 13
55 31
60 2

68 26 91 91
46 40 27 53
68 93 46 47
36 3 61 90
49 2 53 55

40 45
70 2
96 6
95 85
40 14

7 22 61
3 64 7
13 94 4
46 2 32
54 37 25

79 67 24 13 33
21 40 65 43 47
27 75 100 37 82
16 11 5 35 36
14 39 98 76 45

29 100 18 93
44 43 95 44
5 41 71 59
62 15 28 45
99 69 77 52

7
8
39
74
38

34 61 87 42
88 80 94 11
58 64 92 56
37 96 85 8
51 71 56 9

50 10 13 83
62 94 7 72
44 71 91 6
83 74 4 94
53 55 72 97

100 40 1
1 81 78
39 81 92
40 10 28
51 28 97

10
58
65
25
54

72
20
69
79
15

64 76 9 16
14 19 2 48
40 23 7 93
70 49 7 34
25 18 83 57

44 27
48 54
83 49
79 37
94 45

20 1
62 68
12 84
66 65
7 91

49 7 32 25
52 42 36 92
44 27 43 19
50 72 22 14
29 13 19 99

45 91 45 80
31 2 17 86
44 7 72 86
46 27 75 16
73 21 15 72

50 89 15
59 6 49
28 26 39
34 6 47
94 76 69

72
9
95
34
57

22
5
62
15
27

69
74
64
76
79

66
32
73
80
54

31 40 67
35 58 19
9 37 57
39 9 85
69 14 19

78 4 76
22 85 19
43 47 25
39 30 36
41 67 99

41 84
42 63
67 97
80 39
48 34

92 41 82 24 60
14 50 80 62 56
97 5 78 99 60
81 60 39 11 52
64 71 24 12 7

70 73 5 7 25
42 39 88 1 87
36 89 81 79 78
41 54 37 62 77
90 78 63 100 42

5 87 57
55 70 29
21 14 87
48 94 8
3 77 54

11 16 14 9
61 76 40 63
70 61 32 19
34 12 32 99
62 26 4 54

27 89 72 43 19
46 62 44 33 78
83 86 55 24 2
99 64 37 24 35
21 40 1 86 84

67 31
99 48
69 31
93 89
30 63

50 18 87
52 99 45
25 3 71
24 13 35
73 63 20

54
33
96
17
6

49 25 32 74 3
81 42 53 15 73
78 36 5 50 43
36 66 30 30 72
52 18 18 53 64

21 63
8 26
95 25
76 93
81 22

96 89 90 9
86 92 89 61
91 13 44 65
5 85 24 29
80 16 47 35

19 19 40 76 37
65 79 25 42 1
37 30 78 86 36
8 58 61 55 5
56 9 15 57 37

3 47 74
80 33 68
38 31 75
77 2 3
2 89 62

67
31
39
60
6

52
16
85
73
58

92 92 19
60 44 32
74 28 51
5 77 96
85 85 52

73 72 75 80
24 98 98 26
23 21 35 78
48 81 72 30
84 39 32 61

63
43
46
4
37

42 29 37 44
88 22 24 45
15 53 98 68
49 58 95 49
47 61 9 92

63 5 84 49
14 58 69 80
88 47 86 28
82 10 15 7
22 90 22 31

71 82 33
87 7 52
76 73 64
36 81 66
89 32 86

22 87 23
54 17 71
13 31 15
78 55 8
76 87 68

17
50
37
30
88

11 33 76
78 71 38
22 31 15
84 34 24
77 85 89

37
38
14
100
94

44 50 90 27 43
48 24 5 48 43
9 1 90 72 61
24 14 54 26 12
22 63 39 77 5

67 25
3 35
92 11
38 7
54 22

74
87
3
57
88

48 13 29
70 13 54
18 82 49
77 69 65
25 56 48

95 48 39
25 64 15
51 69 55
21 49 20
87 32 76

6 28 9
23 98 11
13 78 47
4 38 45
90 79 32

88 25 100 87 83
86 18 86 39 47
56 1 93 92 4
32 71 43 80 32
39 54 93 3 90

43 73 74 71
1 21 47 96
13 78 31 59
62 40 37 6
8 99 5 12

6 98
42 97
46 99
90 76
3 79

33
72
34
83
91

4 39 92 81 49
66 67 36 54 38
8 48 72 59 96
44 43 20 25 69
54 10 68 19 89

91 42 66
42 43 27
41 8 1
58 60 12
46 92 51

10 6 31 48
42 33 44 74
11 73 66 95
57 36 97 76
3 37 57 12

71 5 93
43 30 49
79 70 90
78 59 93
1 26 12

23
98
55
12
28

22 1 48 50
97 83 33 93
83 76 86 14
25 6 90 44
7 81 96 44

12 43 4
92 91 92
25 86 31
37 40 71
57 29 6

39 99 74 89 19
98 8 20 6 20
43 52 79 85 68
58 98 78 13 87
100 71 30 32 82

54 92 22
6 100 41
66 95 85
39 46 100
27 78 66

30 24 19 94 17
54 45 76 83 67
98 34 13 4 82
95 38 28 36 8
37 39 78 51 28

14 29 74
25 55 38
8 18 95
89 9 41
41 43 45

30 30 36 54
87 56 47 59
89 59 77 20
47 23 87 62
3 6 64 59

49 43 100 77
2 82 68 42
95 99 2 86
80 56 13 13
96 37 79 28

97
1
44
30
26

68
84
2
64
47

17
23
7
99
21

95 76 8 68
74 92 84 51
77 42 35 4
23 47 37 75
30 98 81 79

3 61
30 42
74 18
44 95
40 53

77 9 62 99
69 37 69 75
68 39 11 94
36 47 52 9
25 73 90 55

70 65 71
37 70 86
13 85 44
79 43 13
78 52 78

23 31 35 52
31 79 3 23
6 93 100 58
59 23 67 85
16 81 54 59

53 3
29 47
21 20
64 1
54 22

59
77
54
99
6

97 42 94 14
21 7 84 63
81 5 20 71
99 54 51 12
37 82 88 64

50
58
25
25
57

6 24 28 89 36
10 3 60 62 43
17 76 43 63 13
13 57 81 1 100
9 20 19 14 58

36 48
99 74
19 51
43 88
28 2

25
93
95
9
89

57 41 70 96
59 68 33 7
80 54 26 23
32 67 8 13
76 14 12 14

95 73 81 71 66
2 68 56 72 41
62 47 91 40 22
25 24 99 61 30
77 25 27 15 48

96 100 61
91 74 22
44 90 96
40 17 41
7 63 18

65 33 51 67 19
94 23 45 25 59
76 26 51 32 63
63 99 100 76 10
32 75 63 54 64

76 80 59 58 29
14 17 36 92 41
56 62 71 30 78
67 30 69 71 6
85 33 36 56 49

8 97 10
74 89 50
49 61 9
26 62 8
48 8 97

40 84
66 38
37 60
41 33
23 62

6 5 29 6 32
79 91 92 33 89
49 53 35 49 55
88 14 39 58 96
96 22 61 26 35

20 59 66 73 34
17 92 70 94 28
19 70 42 91 45
77 7 7 57 53
13 50 94 41 29

3 53 76 88 83
65 45 11 10 66
37 1 14 83 56
10 80 5 9 94
93 52 54 5 54

10 32 97 55 66
37 63 48 39 46
68 65 41 1 97
66 30 14 3 35
76 32 59 43 36

81
6
20
22
9

95 84
54 63
18 6
75 41
59 32

28
59
7
15
23

65 7 72
92 7 58
59 19 26
53 84 32
80 23 44

34
1
16
94
88

21
66
95
55
16

54 39
59 45
18 35
16 62
19 21

57 1
93 59
77 21
5 3
71 38

28 66
18 77
3 75
11 77
18 23

54 26
82 14
13 41
11 24
18 41

24 58
19 64
10 21
83 89
58 51

27
72
84
17
87

26 75 60
39 53 75
38 54 48
27 74 14
89 21 15

67 75
23 23
85 46
53 29
72 77

46 93 85
5 23 89
66 44 65
11 36 35
37 48 8

25 98 44 36
95 90 14 56
38 69 93 57
13 83 51 49
17 49 96 67

10 45
77 3
28 3
47 91
82 46

88 34
64 72
1 56
25 85
26 78

60
31
8
35
68

93 53
93 41
87 56
90 10
70 51

16 10 60 28 29
24 44 90 21 31
28 99 6 94 24
10 69 68 80 30
21 10 49 77 49

91 48 77
65 68 76
32 13 15
77 56 36
52 13 77

60 85 81
17 35 30
1 75 32
34 17 21
11 17 67

69 37 75 60 31
49 1 78 26 2
51 24 32 74 68
60 2 71 70 57
31 13 91 51 26

13
27
99
38
41

15
73
14
28
53

26
75
4
62
21

55 64 22 90
9 69 48 69
34 15 46 46
48 73 95 79
91 1 45 72

31 58 7
52 64 30
27 85 82
20 7 20
7 24 47

53 14 13 8 15
84 53 37 4 42
28 13 51 6 73
99 97 40 20 17
48 86 75 38 72

100 88 14 78 79
11 23 46 15 8
73 98 36 47 75
31 75 30 7 99
14 58 48 59 40

30 86 91 55
46 82 21 15
37 78 26 65
98 68 85 39
60 50 38 4

67 57
37 99
76 71
78 70
28 4

41 29 65 68 59
73 13 89 34 48
58 89 62 55 8
56 31 72 65 31
96 24 35 98 39

100 7 76 70
35 39 99 11
94 76 18 15
52 85 60 33
66 11 42 48

58 69 5 82 38
80 34 68 74 89
50 60 61 26 93
14 2 34 40 28
76 23 38 72 2

65 8
68 90
83 63
79 13
31 45

66 19 14
23 70 95
34 21 24
65 64 49
59 32 57

87 10 29 94 19
38 18 31 12 11
43 65 96 16 12
16 3 6 97 17
87 38 71 42 13

60
63
55
66
40

83
93
6
67
16

54 56 68 14
24 86 74 34
99 24 66 46
41 4 77 33
15 86 40 32

17 94 7 93
33 79 86 1
30 55 64 76
80 5 95 67
61 12 91 21

20
20
79
5
71

100 9 82 58
4 90 85 39
39 73 62 47
19 87 25 84
95 16 54 28

74 25
9 51
32 12
97 80
86 99

93 92 5 18 97
28 4 14 85 80
79 4 52 28 67
88 35 60 79 93
88 49 37 73 82

17
74
35
95
56

21
48
11
3
67

7 5 19
56 23 35
92 58 75
3 11 41
76 13 79

50
11
40
9
76

63 74 92 39 37
82 85 5 28 20
54 94 85 36 52
29 98 55 6 68
97 23 32 32 2

25 14 43
70 67 18
56 39 3
16 79 3
87 88 89

23 65
83 78
47 62
15 21
20 77

55 78 85 95
39 18 97 88
36 6 7 93
43 35 17 44
98 100 63 78

56 19 20
55 81 25
90 36 5
30 94 22
20 24 1

33
41
42
89
89

35 96 34
67 70 74
9 90 82
56 52 85
96 43 97

70 49 36
93 50 22
56 41 73
86 76 19
46 1 79

67
44
7
2
84

93 19 90 95
49 29 87 39
53 72 78 99
50 13 53 15
41 99 88 25

27 55 57 75
90 84 71 40
37 89 85 41
99 44 44 23
2 69 68 3

37
9
36
15
46

53
52
88
17
76

95 38 12 90
79 89 39 6
10 32 52 37
19 64 22 82
74 9 58 100

59 71 38 29 29
92 36 53 67 84
16 80 77 29 68
26 75 70 71 99
89 82 20 34 68

63
37
69
18
1

73 42
57 66
60 58
68 92
75 20

35
66
58
62
23

17 14 50
55 30 95
42 68 1
55 77 87
85 88 18

56 99 60 58 62
66 62 92 80 23
15 54 4 18 85
29 52 32 14 21
71 90 16 89 24

10 44 36 63
39 76 47 89
65 18 52 37
40 90 63 80
37 40 79 55

22 44 20 75
43 97 99 7
31 74 84 23
83 20 71 7
85 70 98 68

74
96
51
48
40

92
45
52
83
93

44 40 37 61
61 88 46 23
38 24 4 25
19 86 70 96
25 89 24 89

28 65 25 79
88 60 63 42
70 3 90 10
8 51 44 49
15 96 20 77

16 63 7 51
30 83 67 96
77 67 86 22
13 74 30 83
43 44 89 72

79
80
53
84
1

65
34
62
86
87

82 61 95
33 76 47
97 53 39
73 99 61
83 83 19

89
82
83
9
74

22 48 19 39
92 98 52 45
19 64 57 97
67 94 90 93
83 38 30 13

52 94 95 59 11
92 85 77 65 100
77 59 58 93 3
72 56 86 32 99
83 93 31 42 88

83 51 9 62 87
94 84 55 18 48
85 46 35 36 3
78 8 18 5 73
65 65 100 57 2

61 92
77 43
20 94
24 22
92 17

99 62
50 83
67 4
2 52
14 2

65 31 35
90 73 9
40 35 39
62 79 36
91 53 87

45
45
66
86
18

12 14 28
89 68 87
78 49 99
65 3 97
26 41 79

20 78 100
76 29 83
13 67 49
50 39 29
96 75 35

94 100
30 10
74 50
38 8
90 74

56 30 91 88
90 5 78 54
15 76 19 39
15 93 46 60
99 52 86 5

15 39
58 52
36 37
84 42
66 2

37
99
59
19
46

72 47 13 53 29
33 81 14 84 21
88 29 84 52 23
41 62 74 54 2
22 19 67 82 30

40 29 20 23
94 89 95 79
24 24 76 29
56 6 78 79
50 89 95 29

93 17 13 6 61
70 70 77 19 34
38 24 60 49 29
87 60 99 68 25
43 73 87 65 1

6
20
11
42
31

65
57
89
70
69

15 58 73 45
93 95 98 10
68 58 39 94
37 52 62 97
11 95 94 34

96 11 96
70 24 14
47 2 77
58 42 64
71 70 73

6 89 83
2 48 99
13 89 82
38 96 21
79 98 2

54 97 10 81
65 23 75 69
12 7 44 20
18 5 6 11
1 32 71 39

19 43 81
90 63 37
6 18 43
12 94 85
38 9 83

20 49
28 34
50 24
34 87
42 67

31
72
97
76
66

59 97 50
80 79 48
54 58 19
10 25 87
52 65 9

21 1
5 94
79 1
70 71
59 13

67 23 18 62
61 74 3 14
47 73 58 39
62 12 5 89
91 22 1 18

9 47 62 26
12 70 47 27
30 8 1 53
25 13 77 87
79 85 30 64

10 79 18 36 47
56 21 25 29 2
88 54 11 9 35
40 39 28 43 1
52 80 78 76 21

64 75 61 43 88
10 39 19 40 90
32 17 74 40 100
36 1 34 58 38
36 27 5 27 27

29 38 86 90
58 43 75 5
26 40 89 87
67 19 76 65
54 64 63 84

11 13 31
76 23 1
28 55 76
49 19 86
61 26 80

75 53 33
28 3 41
8 78 89
7 93 85
82 40 82

30 35 49
43 52 53
21 35 74
87 64 7
51 11 37

94 72 51 43 6
74 20 84 75 4
57 23 51 14 92
17 88 22 58 67
34 77 55 79 87

61
12
9
31
79

20 31 87
73 42 11
89 13 33
52 12 98
31 84 9

87 46
25 80
42 66
68 62
28 87

56 80 33 60
14 34 82 77
80 63 66 92
68 28 55 50
76 25 8 32

58
84
58
93
17

61 45 96 13 84
45 2 60 37 56
27 19 60 90 64
15 10 6 72 98
42 90 9 16 70

4 93 77 97 10
39 18 92 9 87
11 98 3 17 54
88 40 62 4 21
28 58 26 13 2

44 99 25 59
34 51 42 58
57 67 93 41
26 78 79 22
48 17 58 6

79
1
8
32
96

68
71
72
76
30

5 11
28 66
50 10
86 70
20 94

6 62 84 37 96
48 49 74 52 98
2 91 11 50 34
23 80 46 54 26
3 35 82 46 6

83 62
23 84
70 96
88 44
5 100

56 96 41
54 54 77
80 84 19
45 31 16
13 51 92

96 30 77
77 82 12
49 47 22
64 30 2
6 11 8

73 34 50 41
93 39 24 38
92 20 56 45
89 64 51 75
73 52 47 53

6 94 67 22
7 84 98 45
6 35 20 40
63 9 78 100
20 49 84 7

36 50 5 71
11 14 72 3
69 36 60 23
16 40 17 46
34 95 99 43

12
83
39
60
77

70 8 98 3
20 90 82 78
34 98 29 68
90 100 90 25
79 2 55 61

19 6 40 55
94 96 26 39
50 5 55 28
51 41 31 76
70 74 68 59

68
47
24
43
54

77 44 82 37 80
6 44 26 19 14
81 43 83 43 66
79 77 29 86 89
28 24 41 40 46

79 97 18 29 42
50 48 91 11 14
11 34 63 24 85
13 50 85 81 37
16 43 19 58 59

66 69
98 87
93 26
3 36
51 59

70 72 34 45 13
45 95 55 72 55
100 56 51 80 29
25 20 74 91 19
77 8 75 57 30

27 75
56 83
77 79
56 16
13 72

9
7
49
47
24

73 11 11
70 2 54
75 36 84
73 7 3
63 74 100

35 71 97 99 86
82 11 74 80 26
28 2 62 99 8
35 35 29 14 46
55 91 21 99 18

38 64 11 66
35 33 67 97
38 86 75 15
33 29 67 72
90 15 84 95

