83 44 31 63
61 79 98 82
24 34 32 5
53 49 93 48

84
48
18
1

46 18 50 38
10 19 35 47
47 96 33 10
1 57 76 68

13
7
30
7

36
71
6
23

81 79 43 2
100 22 39 59
28 62 37 75
87 39 78 15

14 41 9 41
74 25 11 22
67 1 31 33
95 74 70 85

71 94 11 70 5
63 11 13 33 20
91 72 37 62 45
49 12 20 90 43

33 61 86 54
69 5 62 19
77 54 88 18
77 70 64 98

75 51 99 72 52
38 98 49 13 53
22 36 33 82 48
71 4 1 51 94

15 97 84
11 3 37
92 25 67
50 48 85

25
62
19
13

92 76 84
11 50 25
60 91 26
86 78 44

24 40
96 62
84 72
100 3

28
52
1
27

40 43
25 61
65 81
12 50

26 36 80
13 88 78
21 91 63
34 5 31

67 34 77 41
29 11 2 27
98 17 45 69
94 8 29 86

71 68 36
15 25 39
14 6 42
82 79 6

95 53
73 7
55 26
45 1

89 86 46 44 73
73 77 98 51 35
38 97 93 16 66
7 59 9 64 80

58 62
42 56
72 57
50 67

44 52 91 32 69
98 3 46 46 74
87 32 67 2 76
50 67 57 26 54

52 75 95
58 80 4
98 54 69
59 52 15

30 12 38 18
5 28 4 84
77 1 17 85
37 87 64 16

51 67
45 5
8 79
8 34

46
65
67
87

38 64
7 99
79 49
57 3

48 61 44 83 27
7 32 37 73 95
58 69 94 82 46
49 59 64 60 89

31 59 45 84
92 5 26 2
76 31 41 99
53 22 2 15

12 97 72 86 1
46 16 36 23 8
45 16 38 17 67
92 70 16 85 75

17 72
11 18
90 10
51 98

37 98 77 40
57 56 76 35
91 86 71 4
83 28 23 35

11 54 68
58 59 88
54 86 19
84 11 84

69 86 11 78 8
86 49 33 55 93
36 84 21 66 94
48 91 48 62 43

31 84
38 98
17 71
15 4

71 14 72
40 51 39
11 92 45
14 94 9

27
38
88
94

14
37
60
57

68 32
19 79
2 78
64 9

54 95 4 84 60
42 58 75 3 5
79 40 8 58 4
94 62 81 86 6

49 98
96 87
9 28
88 6

51
83
90
6

45 45
23 24
56 69
26 16

72 100 80
82 35 33
96 85 5
79 45 95

62 11 54 46
11 2 93 20
15 19 62 49
36 11 72 79

23 14 24 13
57 56 37 77
2 24 69 71
26 54 67 94

81 52 18 25 75
68 8 7 76 60
52 34 91 24 39
81 59 23 17 57

27 41
29 61
2 29
65 17

50 44 88
83 4 14
95 47 6
48 29 69

85 63 66 60 71
29 29 54 19 70
62 22 90 94 94
52 54 61 67 15

66 70 84
69 52 91
95 89 28
98 61 13

71 30 89 85
60 99 60 68
71 65 54 46
76 25 84 26

30 93 30
58 25 78
8 70 98
29 63 99

8
54
36
76

5
13
78
6

63 61 94
19 20 35
55 75 83
90 17 77

35 62 41 89 32
12 35 23 89 33
82 94 14 43 83
73 90 13 9 60

94 67 100
95 56 9
33 7 97
1 92 69

66 39
17 98
82 63
25 43

53 83 81 70
45 44 25 84
72 96 56 82
98 85 7 26

100 21 92 8 72
55 11 78 38 2
46 88 9 77 64
77 35 7 68 63

38
79
62
96

42 26
8 7
17 44
71 84

41 9
47 53
48 94
70 1

2 67
3 77
61 76
59 48

52 67 18
17 98 3
77 11 53
27 17 8

47 72 52
63 29 85
38 10 79
58 33 41

55
37
30
84

49 31 69 85
10 81 73 55
68 66 89 16
47 26 1 95

15
1
72
60

9 28 86
59 86 65
85 35 73
66 22 4

19 88 48 95
77 100 73 34
67 31 5 26
33 24 30 26

54 42
73 60
70 57
86 100

82 64 43 14 18
42 29 33 80 24
44 53 83 8 76
54 100 27 25 15

99
1
99
43

98
23
40
36

3 10 48
50 6 35
33 16 89
46 36 59

89 34
15 50
40 99
14 97

34 7
65 96
75 66
97 36

92 26
17 38
69 100
8 71

13 45 70
14 98 85
63 11 81
60 74 100

19 50 98 58
73 24 59 19
8 43 59 99
98 84 71 80

28 49 61
75 63 34
60 34 16
54 64 65

13 34 10 78
53 32 74 26
97 16 19 87
92 95 17 69

72
56
11
48

22 41 68 32 83
99 66 23 53 88
18 25 22 43 49
11 36 17 38 78

83 47
90 85
25 85
51 45

47 90 100 70 39
74 24 90 94 28
79 90 8 85 84
99 82 47 29 1

62 21 45
11 91 12
45 50 53
93 55 44

13 17 58 23
27 26 72 30
85 92 54 43
55 21 85 76

30
15
34
2

87 14 85
75 40 30
39 46 99
52 16 74

34 29 48 59 94
80 88 79 16 49
57 96 73 32 34
58 31 88 70 54

85
69
97
97

42 93 45 86 10
94 65 43 78 98
64 58 68 2 8
8 67 73 93 16

81 69 45
97 17 20
14 66 26
49 66 79

84 47
93 48
50 79
38 53

89 16 47
12 55 73
26 70 87
6 5 35

4
73
40
85

30
98
94
2

18 75 70
57 62 24
71 2 42
91 71 11

100 16 17
14 31 88
33 97 84
65 28 72

19 25 93
10 66 86
7 39 48
79 51 89

66 93 14
17 57 99
78 86 57
36 5 1

15
67
71
38

93
35
49
64

59 10 76
84 69 51
80 19 59
25 44 25

93 37 21
41 71 56
49 83 61
29 57 65

51 56 91 75
25 86 84 32
67 98 26 54
70 59 63 98

84 96 12
25 27 16
39 99 90
56 99 5

56 30 63
46 98 40
5 79 89
14 100 11

38 23 77 95 56
79 83 63 51 43
42 96 64 25 46
63 95 63 14 34

72
39
55
42

1 35 7
79 98 46
84 78 75
27 99 50

93
82
65
40

85 9 29 19
30 85 54 1
27 19 49 44
98 37 50 70

95
72
59
9

34 97 42 86
65 42 92 75
26 68 18 40
69 64 42 74

35 64 97 62 90
36 41 42 67 98
87 94 69 14 74
56 6 36 16 15

66 72
22 99
99 40
94 26

40 33 21 74
56 81 87 36
79 28 44 82
69 57 20 19

58 35 29 52 5
81 21 68 66 90
64 59 49 10 92
98 81 72 37 56

8 22
8 80
28 91
81 98

2 40 28
39 21 38
32 24 21
18 86 4

75 95 94
66 77 70
67 15 55
55 86 100

41 57
23 24
30 64
9 74

27
95
54
90

92 100 2 85
97 54 4 68
18 31 38 92
18 44 33 60

51 99
34 69
45 74
69 82

61 39
85 79
24 34
15 29

73 85
84 80
77 41
43 76

4 44 45
65 22 23
29 38 86
75 26 43

46 41
47 97
63 26
17 52

61
10
81
6

35 96 5 43
69 3 33 71
27 94 14 84
24 44 91 41

6 55 64
60 27 15
42 95 71
37 66 77

74 91 18
93 32 11
73 86 41
64 92 6

25 60 85 79
78 93 56 41
23 89 85 16
32 85 86 59

12
59
99
28

46 69 79 41 18
76 65 56 79 48
95 17 4 8 91
35 91 4 27 9

66 83 33 91 98
23 25 96 19 19
13 97 15 40 23
76 46 11 45 11

2 92
53 44
22 21
60 74

44
18
53
14

21 19 63 21
65 69 6 56
23 71 78 6
11 72 87 2

16 52 92
92 80 7
79 59 42
18 28 42

3 64 96 10
32 85 57 47
78 93 59 58
61 61 26 56

22 13
67 1
69 64
66 21

22
81
14
37

58 23 37 14
84 65 1 14
44 54 5 9
77 25 64 58

9 26 56
67 3 5
2 64 52
11 20 61

20 29
31 90
4 17
91 62

67
100
69
38

77 36 21
4 98 91
1 89 50
37 15 38

91 97 45
17 97 17
38 31 24
29 22 15

46 60 73
64 46 59
78 99 85
11 36 40

73 64 90 45
89 71 10 58
28 35 57 74
41 39 76 30

83 99
39 54
77 7
21 93

74 59 82 42 74
93 16 33 17 25
30 10 28 37 1
29 54 52 30 51

89 79 82
48 77 64
4 11 54
100 25 2

32 89 67 84 48
13 62 85 98 14
63 13 10 97 35
97 6 29 58 79

59
96
92
63

9 70
2 48
57 54
60 48

30 73
98 73
49 66
94 29

13 11 11 37
68 23 60 42
39 53 21 55
63 76 85 79

71 52 18 81
22 93 82 24
35 77 54 12
3 68 41 62

55 30
98 83
66 9
80 88

63 37
41 13
11 47
81 9

14 98 39
96 20 85
43 22 72
73 25 18

60
83
45
78

84 84 87
7 39 72
68 70 35
85 80 54

7 80 85 98
9 48 84 37
34 39 51 93
7 33 52 27

18 80 67 76
26 22 82 9
12 99 57 28
28 5 92 74

96 48 3 53
76 71 17 67
28 7 45 27
89 12 30 44

85 55 26 15
19 96 96 24
68 14 75 40
94 100 5 98

7 64
40 56
98 15
32 4

94 39 16 21
2 7 25 52
17 70 79 55
92 87 81 14

36
84
33
68

52 91 16 44
34 35 93 57
83 78 60 39
48 14 25 69

16 19 59 73 49
23 66 66 47 29
82 89 19 55 1
18 94 90 29 53

55 94
15 1
17 82
33 57

3 21
34 43
59 38
79 3

100 1 51 5 84
57 74 7 78 20
16 41 92 50 40
68 73 36 21 79

45
16
50
28

39 37 85 60 4
69 46 90 41 45
25 52 75 23 36
51 25 53 6 70

67 86 81 63
80 10 49 8
46 45 78 75
84 76 79 41

24 41 27 23 21
91 75 92 100 89
36 29 69 56 42
75 49 8 58 12

60
88
49
29

56 39
87 28
55 54
61 50

12
41
38
74

76 4
61 67
18 95
16 60

80 79 83
23 17 17
53 69 59
38 28 7

20
88
83
78

97 60 47
44 97 69
100 25 50
67 83 6

83
53
52
40

34 50 60 69
61 36 22 40
69 39 21 46
5 89 76 34

50 65
45 84
29 73
39 40

24 67 93
43 31 58
100 83 15
76 2 70

59 8 91 3
27 97 29 13
46 93 1 9
45 95 3 67

73 48 5
54 82 33
20 52 87
50 21 67

50 24 15 12 19
52 30 90 14 73
6 77 54 85 51
39 23 77 94 71

78 71 96 100
13 93 38 83
99 20 12 83
54 7 94 68

35 13 48
13 4 33
23 20 13
98 13 60

98
52
76
91

80 4 47 98 82
72 13 17 60 34
89 4 47 86 9
23 84 48 67 74

30
25
59
45

66 20 45
40 56 96
9 97 63
17 69 31

25 61 1 23 19
45 66 76 59 49
95 80 63 81 79
48 98 61 6 74

84
97
15
81

66 100 18 31
18 76 80 14
73 96 40 85
11 52 19 13

71 75 99 2 25
4 39 90 29 99
2 14 59 83 62
66 74 45 81 94

37 58 70 64
79 74 25 12
61 30 79 36
8 10 74 11

76 35
11 22
28 68
57 100

58 11
9 76
73 99
42 37

46
90
8
69

56 3 70
91 12 7
22 49 57
66 71 26

88 39
42 99
23 78
58 62

54 6
40 40
80 61
92 19

22 24 33 58
74 71 55 75
2 74 77 72
11 74 7 17

40 42
41 14
91 18
10 90

88
77
54
76

15
13
29
35

3 4 9 69 33
85 1 12 100 29
37 13 40 23 11
25 94 37 43 92

33 34 13 22 74
68 42 42 29 66
90 76 15 71 32
70 35 62 42 71

18 98
19 56
37 30
4 28

14 2 39 84
48 28 95 80
95 58 38 25
21 31 98 84

7 36
65 35
14 3
26 93

15 6 40
99 20 37
13 67 73
9 49 90

14 63
39 25
10 71
53 3

72 53 22 93 52
19 9 89 80 51
72 99 3 16 95
54 80 7 93 50

98 91 23 34
36 76 11 5
9 16 64 9
84 84 28 28

42 61 54 98
97 30 32 61
23 22 39 36
5 24 46 62

72 42 23
95 70 56
10 13 19
41 17 56

33
28
16
28

67
96
40
22

95 100
5 100
90 76
19 72

83 78
25 20
36 80
8 11

69 2 74 61
51 14 31 90
29 12 78 68
21 92 66 29

46
40
79
19

60 13 83
69 88 97
7 93 3
79 5 81

11 16
47 73
7 83
89 99

8 2 6
94 87 59
12 13 22
7 29 17

85 67 75 50 75
56 26 20 25 52
33 36 46 21 28
96 40 31 54 9

86 51
12 27
8 82
13 18

88 69 89 1
53 66 11 63
27 29 88 1
98 14 88 90

6 25 45 1
74 78 73 53
21 35 75 58
73 82 75 63

71 83 70 16
66 81 84 72
70 99 39 99
53 12 7 96

82 73
64 96
100 81
45 70

55 27 33 81 67
5 75 68 31 76
11 51 93 47 96
55 40 36 80 31

79 34 87 69 71
6 63 44 96 11
86 7 68 91 66
88 13 25 94 61

86 41
52 10
12 41
88 95

96
18
18
7

46
53
13
82

80 88 80 75 27
53 98 69 31 47
1 43 21 52 48
36 21 93 48 10

89 60
91 72
87 77
33 12

1 51 84
65 84 22
14 76 65
24 29 62

78 31 85 31
45 60 63 7
15 75 100 92
69 11 66 31

55 29 15 81
68 7 13 95
8 82 2 51
98 81 45 5

45 13 31 66
15 99 2 46
8 32 98 67
57 71 2 99

3 27 63 68
58 49 61 21
21 62 13 19
7 6 19 39

36
72
96
91

49
17
90
75

91 82 56
69 65 72
19 12 74
100 53 69

81 84
52 3
93 37
8 93

90 85 93
16 53 65
12 95 12
28 28 49

65 13 97 53
34 76 14 27
92 85 15 41
60 17 18 69

89 89 15
83 72 89
72 54 23
87 78 86

98 33 66
17 24 24
22 10 48
52 38 80

100 21 54
81 38 34
98 46 71
17 93 50

98 22 90 67 58
29 34 53 9 20
51 21 35 24 1
22 32 46 84 16

83 61
46 11
85 34
62 16

98 30 48 60
33 63 43 43
70 10 9 45
58 66 68 48

68 77 93 66
71 87 67 68
76 47 63 99
80 93 81 34

20 42 56 31
53 33 83 6
64 83 4 59
49 93 14 85

43
66
5
8

42 27 71 24 21
14 33 10 64 19
12 92 9 43 16
100 15 32 78 29

81 40
100 30
38 30
65 88

87 83 86 9
94 7 60 70
37 28 54 42
32 41 20 88

45 11 28
54 59 82
94 30 75
3 93 84

63 10
5 92
86 13
24 86

24 28 74 37
6 3 75 25
47 5 67 87
42 16 65 30

51 73 7 33
46 11 16 44
67 89 2 61
62 96 22 29

96 48 22 47
43 18 8 42
31 94 66 78
71 29 74 7

30 51 50
90 30 84
96 85 54
31 22 93

73 3
55 86
48 3
56 14

80 40
74 20
69 96
62 81

85 20 76 21
12 87 51 100
21 65 16 35
22 88 20 19

62 10 31
34 12 74
20 86 59
95 69 83

59
90
3
78

35 73 18 69 77
13 62 50 88 44
61 41 48 11 99
93 32 93 96 20

41 38 4 19 100
26 32 85 19 97
91 86 17 20 14
49 46 24 8 22

80 70
67 34
24 46
73 17

58 44 34
96 33 5
58 19 21
91 9 67

1 24 78 60 47
5 10 58 70 62
46 87 6 7 82
36 16 92 30 68

3
24
50
98

40 27 24
67 50 8
47 60 98
85 18 14

27 72 98
11 8 43
68 78 25
59 15 63

87 78 13 74 15
95 8 68 40 61
9 89 29 9 14
23 85 38 94 55

98 9 27 55
2 100 77 55
45 29 3 23
56 46 99 40

98 97 4 22
31 52 24 91
26 6 77 87
88 6 8 56

64 8 25 10
55 93 85 28
87 88 6 89
1 74 75 45

20 91 48 42 53
50 85 58 64 72
76 38 55 95 61
57 7 30 37 13

49 19 45
19 18 55
12 62 79
38 64 3

53
84
85
67

35
37
16
98

1
65
77
51

68 14
11 95
53 57
8 77

49
18
67
61

16 66 82 33
49 24 99 34
99 10 1 98
94 96 5 79

78 47 63 94 6
88 36 6 98 47
29 17 40 7 60
13 98 54 50 89

80
81
7
35

87 84 41 17
31 50 27 69
28 72 12 50
94 81 7 24

31 64 89 33
18 9 5 18
93 92 73 5
59 58 65 49

72 86 77
15 47 60
83 42 79
92 4 73

6
35
84
87

7 40 6 53
24 47 86 27
5 30 84 4
69 42 34 35

9 48 95 39
10 64 96 56
88 19 85 35
11 62 43 89

7 75 24
51 26 24
30 37 42
64 33 57

99
90
41
35

68 10 67 12 1
53 90 48 46 9
75 9 18 71 88
8 67 24 9 50

93 35
59 19
17 74
68 98

91 10 8 43 62
64 86 54 26 29
72 67 93 53 8
76 76 66 78 89

14 19 22
26 87 57
39 94 15
95 91 56

14 12 95 82 75
76 18 48 84 58
16 77 91 7 64
28 88 50 73 19

19 73 70 15 88
74 68 81 10 85
28 17 9 62 35
21 62 65 88 37

41 5 88
61 20 86
94 47 70
45 48 20

8 48
31 83
66 59
51 28

62 74
82 14
5 86
77 46

13 78 60
56 42 74
24 18 98
31 38 72

87 99 87
97 62 92
35 36 69
9 79 16

9 70 5 76 73
51 97 89 91 32
67 18 15 42 84
54 91 89 84 30

64 57
74 95
77 51
85 31

27
5
78
69

46 16
86 56
21 55
100 7

73 85
84 87
2 100
32 88

86 48 23 2
49 45 99 89
30 47 100 79
77 6 36 50

52 45 28
44 96 97
65 28 1
61 27 47

12 13 34
64 100 31
8 71 66
28 51 9

85 48 53 28
78 97 7 65
62 20 9 31
32 6 18 61

56 81 18
69 7 68
84 43 28
33 41 40

98
34
26
71

62 81 2 90 24
70 83 99 68 11
41 2 41 92 33
49 36 79 82 88

25 61 6 63
39 42 1 57
78 93 15 27
89 63 97 6

48 97 16 74
57 86 46 28
15 38 84 24
76 30 93 40

97 41
58 80
82 18
35 48

96 64 75 49
80 43 43 51
91 43 94 61
68 15 13 41

2
62
70
74

7 85
51 97
5 18
58 67

16 98 91 50 66
21 24 39 18 28
88 62 99 29 16
62 83 3 34 92

1 51 13 59 86
2 56 31 65 24
7 43 40 54 36
76 66 18 100 60

82 19 12 26 80
85 21 46 71 33
2 74 71 44 72
72 57 42 52 67

3 5 54
91 70 54
8 12 5
53 100 47

39 89 18
32 87 56
15 91 60
23 20 10

64 21 43 10 47
73 78 2 24 29
72 68 46 25 11
72 3 25 46 82

85
41
84
99

79
23
53
54

77 32
38 52
23 42
7 82

98 76 100
33 46 61
19 86 18
90 63 46

60 46 36 55
66 14 60 17
4 60 6 71
51 85 98 92

47 14 90 1
41 27 39 62
85 50 85 17
33 7 51 9

43 14 41
35 6 91
50 28 93
32 63 63

2 10 31 47 28
2 82 90 63 74
100 37 41 79 51
64 61 58 98 80

97
31
34
33

18 15 67 43 80
1 76 89 96 23
37 65 93 25 38
38 38 51 66 97

55 88
14 11
40 41
26 15

61 66 74 7
54 36 76 40
15 53 97 13
93 73 26 10

74 26 88
28 5 96
52 21 11
91 37 74

97 16
55 7
45 66
5 49

22 8 30 65 63
79 94 32 72 24
61 62 96 28 74
83 36 42 40 43

52 92 29 72 25
54 64 59 27 68
16 28 34 54 75
14 79 64 63 39

62 71 82 10
34 91 73 95
36 78 37 54
54 8 67 60

75
16
91
100

32 48 87 26
64 29 55 52
17 30 85 85
49 98 93 71

49 54 87 95
65 71 85 29
94 98 24 94
49 19 91 18

48 23
83 65
16 42
25 19

49 36
65 6
86 37
100 68

1 60 44 89
49 62 12 33
59 38 79 95
68 91 52 80

10 63
70 28
67 42
23 65

60 85
51 46
62 25
63 9

68 44 20 25
42 79 45 15
76 49 12 10
54 1 62 31

78 6 100 31 23
15 76 33 30 77
77 77 73 21 98
12 53 73 90 73

42 82
63 34
84 37
73 54

77 28 81 78 69
63 58 78 60 5
27 50 24 45 57
23 21 74 11 27

68 29 54 10
24 7 63 83
40 77 27 99
87 90 92 16

89 44 19
81 71 2
9 45 17
26 29 97

35 93 63
74 73 33
31 46 16
63 83 82

1 53 95 85 9
36 44 25 25 48
45 45 23 85 6
30 28 81 58 74

43
99
98
20

20 26 13 60
34 59 21 72
62 33 25 32
8 23 32 24

5 1
60 14
31 20
80 31

78
41
47
23

98 38 46
16 76 56
98 90 8
38 77 54

42 93 11 58 63
65 81 99 96 92
14 85 16 67 30
31 100 81 54 43

76
86
77
23

80 79
54 82
40 28
20 67

15 29 52 44
88 38 73 15
14 98 91 39
35 21 64 12

43
45
32
83

12 22 82 52 80
59 37 73 90 49
43 90 38 50 76
12 14 88 25 9

55
81
66
9

28 35
58 38
90 17
78 8

62 32 87 87
87 73 35 91
22 74 31 74
90 95 20 84

87 94
21 69
67 17
59 84

94 8 45 85
34 26 85 59
41 37 85 69
92 28 62 77

53 99 27
42 65 41
84 42 21
90 67 93

28 79
92 64
36 99
66 91

20 45 80 31
63 7 31 17
53 7 29 74
19 51 76 37

28 33
17 93
70 52
17 57

91 7 27 30
87 8 73 5
100 33 70 24
50 11 77 98

61 31 73 76
82 88 36 76
28 43 91 25
55 56 39 48

82 34 55
61 97 44
81 66 27
30 31 64

62 56 6 54
28 88 23 36
84 14 30 5
7 14 35 43

55 47 69 43
70 92 35 44
100 63 61 40
24 95 30 23

90 21 3
51 62 56
51 67 82
35 32 2

28 9 85
50 43 68
27 93 38
98 82 29

94 40
81 89
18 57
65 25

84 94 12 3
8 26 82 78
47 87 73 91
63 91 34 39

48 92 69 8 82
29 57 53 26 86
57 57 99 8 45
100 71 62 49 69

45 46
99 97
31 80
84 28

2 75 53 5
20 30 96 99
36 60 26 3
41 97 88 49

47
6
84
16

5
93
19
78

91 5 46 66 51
93 81 85 41 23
12 6 96 7 29
78 57 78 96 5

37 74 53
97 16 45
68 75 71
60 38 92

67 2
9 77
66 84
8 19

41 22 34
53 65 7
55 3 78
72 39 21

93 37 47 97 16
84 2 64 20 36
27 58 21 56 59
52 16 68 8 82

18
59
47
87

51 14 76
32 70 7
4 17 100
64 11 59

97 43 98 35 79
50 39 74 85 70
82 46 89 97 55
93 18 74 37 28

2 66
28 50
82 13
70 61

78 76 21 8
4 82 71 96
20 16 24 49
98 67 56 97

65 48 4
67 40 38
34 56 67
61 69 13

61
1
13
33

2 7
87 83
93 7
56 43

68 10 35 75 21
71 91 58 10 64
82 2 7 84 18
20 50 94 35 96

13 57
67 95
27 61
26 23

77 82 28 75 64
86 17 76 5 31
37 87 65 35 96
59 34 72 15 60

26 32 35
12 54 8
7 57 26
10 66 32

97 69 39
99 99 63
81 88 56
33 53 23

2 40 75 70 92
12 49 27 62 23
71 42 95 20 15
73 91 88 52 95

93 45 84
6 55 15
6 35 68
20 99 46

56
26
22
48

9 35 78
14 85 55
97 94 87
66 50 35

100
82
62
45

1 14 59 100 13
65 60 23 91 43
42 36 29 34 10
23 35 85 86 69

89 3 72 1 24
10 92 97 31 87
52 65 86 80 36
99 23 52 57 53

96
62
58
91

78 55
6 74
28 13
64 94

6
66
20
52

24 27 64 72
12 61 67 58
53 16 86 13
27 52 61 42

2 86 2 38 36
86 26 18 80 71
17 25 2 24 7
6 40 25 71 19

82 75
40 91
81 76
99 27

23 96 62 72 48
78 6 54 22 34
9 73 35 86 39
16 98 34 12 62

3 32
86 20
49 30
1 26

40 64 80 19 47
47 75 73 68 20
4 86 4 73 82
82 45 96 73 64

97 79 40
14 85 70
15 38 26
73 51 98

25 11 73 27 54
73 91 7 95 34
20 93 29 54 91
65 12 16 46 50

69 90 70 81 87
92 11 84 75 65
58 9 78 37 91
86 74 40 71 28

25 48 90 11
17 50 36 97
32 59 60 74
42 52 48 48

93 57 24 34 17
94 70 15 95 74
49 56 92 99 94
28 53 45 2 24

51 76 58
23 76 25
55 43 70
8 9 52

63 2 20 88 48
92 42 66 71 92
79 26 52 35 10
41 38 82 62 93

13
83
69
9

68
85
33
17

9 9 36
28 98 45
87 90 16
84 26 4

65 12 46 25
100 53 95 58
30 62 58 20
71 82 69 29

87 39
61 22
43 24
10 19

19 95
4 21
7 94
26 99

81 70
53 10
95 21
80 39

66
37
56
29

5
7
3
83

7 5 27
91 42 60
33 4 7
47 56 26

68 80 28 12 100
81 75 7 51 38
47 82 37 77 55
87 17 66 56 74

50 64 52 100 30
8 84 77 13 32
63 80 15 81 3
11 76 50 82 33

47
77
46
57

12 63 40 70 26
65 14 40 31 82
59 63 71 80 44
27 96 31 57 35

74
25
89
98

92 47 40 57 32
67 13 87 66 18
35 84 79 70 65
95 29 53 82 74

34 37 1 46
55 99 17 10
66 100 89 75
20 46 94 13

75 57 25 82 98
4 14 28 82 30
81 23 69 56 81
59 11 47 2 77

15 38
51 16
22 94
1 40

36 45 58
20 92 73
46 14 64
25 52 66

63 3 13 98 3
22 38 70 65 5
73 52 22 83 99
27 71 22 71 42

47
85
55
28

77 62 25 52
59 90 21 70
93 86 13 21
40 23 30 99

58
4
12
81

48 86 74 12 29
58 41 83 10 70
25 61 37 45 11
80 77 33 26 97

77
11
94
92

99
84
66
39

11
31
16
36

27 42
16 59
30 83
14 32

30
52
32
46

28 23 55 98
52 48 96 41
55 94 76 43
1 26 40 94

65 11 18 51
66 12 70 92
78 5 98 14
11 56 48 6

3
40
55
88

89 99 15 89
25 34 56 10
16 63 69 58
1 66 96 89

86 50
70 4
98 70
41 100

95 58 1 65
71 18 64 86
33 9 5 86
23 43 39 8

93 43 67 8 4
48 7 50 37 40
44 35 94 36 95
13 13 14 70 10

72 69 50
7 75 10
49 60 1
52 18 57

11
12
79
29

8 60
52 28
71 55
28 62

72 12 48 88 32
99 77 89 62 31
8 15 78 42 4
91 66 21 81 80

7 84 22
25 97 61
34 80 62
97 25 18

74 6 12
78 54 94
19 65 60
11 82 82

9 1 91 21 35
4 37 99 38 9
93 41 60 19 74
32 93 24 23 42

94
68
1
83

7
26
76
64

33 38 23
17 46 57
99 61 30
96 17 22

20 22 37 82 65
21 15 81 40 85
17 42 91 11 89
94 49 69 7 14

78 47 14 94 66
15 94 91 62 31
55 34 29 100 65
95 88 53 70 40

20 11
82 87
11 53
55 86

75 86 80
2 40 30
93 50 42
4 14 83

29 13 12 15
71 36 93 75
92 1 26 27
93 66 93 47

71 14 69 62
92 33 65 29
93 87 7 31
37 91 41 31

45
92
55
32

53 95 86 33 96
44 28 30 13 54
37 44 65 78 35
35 90 32 99 79

43 91 10 34
91 37 96 49
5 100 16 51
79 44 91 82

34 77 87
64 80 52
6 24 77
64 99 44

39 39 61
55 10 93
51 92 33
25 91 31

92
6
41
9

82 26 2 51
15 42 70 50
78 42 62 8
59 77 55 84

8 5
90 60
43 79
1 73

79 91
14 48
19 32
57 38

68
87
54
83

70 42 92
23 62 87
70 82 5
70 25 23

28 37 86 54 39
23 66 18 30 78
55 41 54 55 54
17 5 43 98 60

35
99
89
74

56 53
44 8
53 27
70 80

15 2 64 34
93 30 52 76
31 32 82 61
29 3 2 47

60 88 88 2
14 99 16 10
75 77 9 61
62 77 21 16

76 31 40
74 57 81
72 22 83
18 25 40

53 89 31
80 11 74
1 81 62
46 38 1

70 8 44
97 66 61
93 67 97
12 3 11

33 9 23 65 76
27 100 1 87 68
76 68 100 66 86
24 36 5 18 55

30 1 78 27 55
94 7 43 17 77
84 7 15 45 21
12 80 96 12 66

33
85
95
90

31 28 98 20
61 27 36 20
17 80 59 49
47 72 39 75

22 59 51
24 37 41
16 100 50
74 70 74

99 11 63 28
22 100 71 23
84 76 4 15
83 68 13 69

99
27
8
6

71 89 69
45 31 93
85 50 93
30 25 60

43 88 32
80 94 9
59 59 92
88 61 33

90 47
89 87
13 70
43 9

79 26
94 31
51 20
89 18

71
80
72
13

42 79 80 69 2
11 47 88 23 12
6 47 12 16 4
13 60 13 75 44

63
90
37
46

28 11 94 74
14 4 86 91
71 22 12 67
62 69 72 94

78 14
22 68
19 35
40 1

90 42 78 44 91
11 33 41 31 24
33 91 9 87 34
57 62 32 38 77

91 2 91
72 61 51
74 34 40
1 25 96

88 94
73 70
57 57
25 39

31 44
61 19
41 4
96 98

1 93
21 79
33 54
48 29

18 9 86
16 45 5
92 78 94
49 68 71

6 75 63 73 21
30 17 10 46 35
100 11 64 57 20
26 66 62 9 91

24 33 92 44
62 37 49 39
45 38 85 21
61 90 15 18

26 21 77 28 49
50 6 24 37 95
63 57 6 60 49
18 67 30 9 62

78 11
86 93
27 15
4 2

84 62
87 50
31 92
38 9

49 85 17 35
91 77 64 86
41 86 24 41
16 13 86 88

12 3 97 12 58
71 95 63 93 74
93 90 10 32 59
78 74 53 35 73

11 57 32 92 17
40 44 68 30 82
68 47 55 41 34
82 27 30 90 3

46 54 96 21 39
7 11 20 87 10
38 68 55 33 42
26 60 17 89 23

13 47 29
81 26 2
96 11 92
46 33 62

59 88 22 13 16
89 39 100 46 86
57 67 21 64 35
79 42 67 71 97

84 68 72
74 27 23
69 60 96
36 3 52

67 8 61 79 95
51 86 86 86 19
63 45 48 79 5
21 84 99 20 31

31
55
7
40

92 65 4 3
63 33 59 69
19 88 17 33
18 96 13 49

31
69
60
96

66
23
62
26

13 78
79 11
45 17
14 14

15 62 65 81 86
47 72 11 91 77
82 42 34 39 14
34 66 86 64 14

36 84 52 85
97 27 28 87
34 70 26 15
2 97 100 89

16 41 4
11 35 5
36 87 55
23 68 72

32 65
75 65
52 61
74 46

98
25
27
69

91
49
59
3

97 78
44 15
48 91
91 44

8 26 86
30 29 17
57 84 70
46 29 76

49 35
58 72
46 43
98 92

45 34 9
49 9 24
49 100 68
13 19 81

97 77 57 48 56
6 54 31 65 77
12 2 56 34 72
7 45 39 69 44

86 2 75
15 55 16
38 56 4
12 98 7

26 74 91
43 73 25
15 55 41
91 74 15

87 98 36 53
81 42 33 58
85 19 81 81
87 79 22 32

55 38
12 14
46 88
86 80

71 2
84 44
87 54
96 35

56 6 6 40
42 83 68 3
17 100 66 37
96 71 30 96

72
64
98
62

46 23 48 10
94 1 44 15
40 4 40 18
65 43 45 54

69 18 53 49
4 76 40 31
30 62 57 79
39 72 2 62

84 28 1 23 39
35 54 48 37 34
57 4 57 54 90
61 90 87 1 62

39
24
94
98

28 68 40 10
85 74 70 58
53 83 4 1
46 4 59 56

53 26 98
52 89 23
36 80 5
44 49 7

69
86
76
21

30 17
96 86
57 41
7 48

44 84 39
75 96 27
94 66 90
21 86 67

43
98
10
64

25 1 85 57
98 26 77 35
73 14 59 51
26 93 63 18

86 91
75 2
55 12
29 49

100 58 16 54
56 8 72 5
68 89 95 87
2 7 62 31

93 2
53 64
90 25
28 74

62 38 36 6
87 68 65 2
61 63 34 63
15 50 48 81

47 7 24
74 14 14
17 24 82
15 3 58

33 42 79
30 85 73
19 71 75
1 47 4

100 18 61
94 71 17
26 91 31
11 37 77

87
21
35
44

51 7 74
92 82 57
27 3 11
32 35 18

67 96 69 46
92 63 8 13
10 89 75 5
64 90 9 52

76 43 88
36 84 68
65 97 17
5 46 3

24 61 55 98
11 65 37 12
97 28 42 92
51 2 52 100

32 22 87 81 8
31 98 21 80 92
39 72 87 70 37
24 63 83 46 68

27
56
98
60

97 62 42 51
4 29 61 1
25 88 41 81
6 70 37 26

41 17 42 82 73
40 15 39 29 99
57 25 33 85 50
75 72 5 90 94

96 46
51 97
91 24
12 43

81
39
100
36

11 20 57 63
4 53 6 95
94 89 87 49
82 15 77 7

58 100
3 37
15 51
87 70

68 27
13 10
4 9
22 50

9 55
2 32
51 12
64 27

13 79 75 63
35 91 60 69
73 86 28 20
58 18 9 11

6 65 43
21 76 83
65 17 23
70 74 95

46 14 56 95 70
60 71 50 29 2
74 79 91 58 67
24 8 52 100 16

44 15
36 56
58 77
32 41

16 10 13 22
100 61 82 85
84 90 3 21
54 33 41 19

68 81 43
91 82 13
66 43 66
55 93 81

38
32
11
54

31 80 30 92 72
63 95 85 39 24
81 49 68 33 22
11 89 57 6 69

70 15
77 55
32 11
63 96

12 69 45
81 67 12
9 71 41
35 26 55

3 93 3 20 60
22 98 54 85 84
26 75 59 41 15
81 5 5 77 81

41 54
84 90
88 21
81 25

98 68 92 35
12 55 43 94
33 33 24 28
55 51 13 57

79 46 3
96 78 78
89 69 13
42 75 69

54 50
63 48
47 80
21 44

80 17
87 15
24 80
92 60

70 73 17
91 35 27
4 79 85
23 47 2

53 13 33 41
61 55 82 15
51 45 56 84
86 79 44 67

66 29 27
67 5 62
85 64 45
86 98 69

87
7
25
28

17 24 38 48
95 26 41 41
32 4 73 67
51 45 33 29

73
64
16
51

25
95
84
43

97
78
34
12

99 58 50
65 44 11
72 72 63
94 46 41

97 85
19 94
67 1
57 17

30 82 40
42 73 14
88 36 17
94 12 7

76 66 8
31 21 94
13 24 35
35 89 67

85 62
26 100
66 83
19 36

38 72 42 23 8
87 13 56 53 16
71 32 86 51 29
16 54 59 15 22

10 75 11 32 6
9 74 83 38 19
43 6 68 47 27
52 85 1 81 34

20 92
9 96
7 47
66 25

88
72
35
6

27
53
74
88

12 50 32 75
33 54 99 17
90 39 83 13
68 26 30 76

76
68
42
16

59
21
37
19

12
72
58
69

69 10 98 16 34
87 63 77 48 80
75 27 62 30 2
1 2 53 66 74

98 40
38 24
7 7
19 78

85
66
93
89

93 54
62 27
70 26
23 99

21 70 4 33
68 86 12 2
27 54 43 36
40 69 41 68

19 54 29 48 50
30 89 7 79 55
27 82 80 85 57
70 26 60 64 9

77
17
39
5

28 50 11
96 5 36
84 46 96
2 27 93

24 30 20 5
28 78 10 34
71 3 6 28
27 15 95 52

94 66 10 95
31 33 62 64
54 35 70 75
70 53 99 74

50 92 28 57 51
82 33 81 44 91
86 18 4 15 79
53 95 31 75 17

69 100 80 85
96 37 87 95
37 46 39 59
47 36 81 13

63 35 6 4
10 99 39 43
36 74 84 89
20 66 12 86

14 65 31
81 85 67
13 100 85
100 64 49

95 70 37
68 90 63
74 98 10
10 85 12

98 68 19 46 78
97 5 66 13 59
1 47 78 92 18
57 22 10 76 78

86 89 4 63
75 1 17 81
17 10 73 72
51 17 27 68

50 82 78 27
83 84 30 68
49 28 4 13
77 15 78 68

92 93 32 53 17
98 26 10 58 35
36 24 55 24 70
44 62 13 71 50

15 75 25
56 47 99
17 96 67
3 57 5

11 74 84 38
84 21 70 91
51 84 85 91
71 87 73 56

74
87
3
66

94 76 40
78 25 20
43 79 66
90 76 71

50 15 13
5 69 57
61 94 42
47 59 71

53 6 13 32
66 4 77 2
77 54 90 45
19 41 81 30

44 63
52 28
79 30
31 6

98 40 19 2
64 69 16 18
1 31 11 89
17 11 53 48

6
12
5
13

41 53
63 26
11 3
91 39

45 67 14 29 90
99 2 46 50 68
66 91 70 11 54
80 22 37 19 65

64 16
79 15
41 13
25 17

30 33 85 65
17 97 60 53
66 61 67 64
59 2 59 86

57 52 36
6 21 38
91 22 94
31 65 18

13 87 36 16 82
42 45 31 89 37
85 18 71 94 77
100 32 49 11 46

94 13 63
100 73 65
64 77 26
50 22 46

10 21
64 37
1 18
42 70

50
77
23
12

6 23
49 72
55 28
92 17

96 67 15 34
84 78 39 60
10 23 32 88
76 63 72 70

79
15
24
64

61 52 11
9 30 82
90 45 42
35 57 25

8 13 2 74
58 66 66 37
9 59 67 36
17 14 70 79

1
50
6
77

17
38
42
9

40 67
71 93
46 25
57 35

79 69 78 85
43 31 35 66
99 49 27 26
77 14 66 29

32 50 78 3
78 52 31 71
22 47 72 71
68 8 30 99

23
57
12
10

82 20 9
92 50 34
12 26 90
38 11 18

30 9 89 36 95
32 20 84 24 25
88 62 10 75 38
46 86 48 78 32

13 39 92 80 77
89 61 49 14 49
22 87 14 11 92
50 56 77 71 84

12 49 26 92
10 19 42 40
32 91 39 73
11 64 76 34

54 49 97 65 56
31 87 10 98 36
87 48 75 1 60
82 25 56 32 27

15 93 41
87 79 48
54 20 49
6 25 44

18 23
66 25
92 87
99 1

100 43 25 10 47
79 39 56 4 62
23 63 92 15 89
45 76 42 100 87

4 50
86 60
50 100
83 8

5 67 84 55
86 86 39 12
26 17 33 21
40 39 33 32

2
4
54
13

74 75 53
49 4 6
90 2 47
9 82 23

58 79 40 92 6
68 89 90 70 52
5 60 54 67 65
47 36 28 45 10

12 75 37 66
63 41 52 88
7 27 51 70
53 35 10 90

77 95
20 96
31 53
89 80

25 63 44 12
67 35 46 80
38 64 75 43
89 99 45 84

67 60 100 39
69 48 44 33
50 34 29 19
50 53 54 99

96 82 76
54 26 21
42 88 57
35 38 98

66 91 60 44
43 58 60 46
83 69 92 2
20 66 38 54

90 94 93
7 43 56
29 72 54
54 40 25

43 7 99
4 3 33
52 13 41
13 56 56

76 5
72 97
95 68
67 88

19 79 6 93 23
38 24 76 81 82
47 42 8 38 70
53 90 2 54 77

26 29 43 46 9
73 59 32 87 21
70 64 15 23 28
66 17 3 18 6

94 15
63 29
74 9
96 81

58
14
10
26

7 5 20 34 95
12 21 22 77 3
78 50 100 41 22
28 15 84 78 58

58 41
84 24
11 12
1 20

46
58
76
97

6 41 74 32 45
31 37 68 73 4
14 100 30 14 1
23 11 48 76 82

17 15 23 91
88 1 51 56
86 43 87 96
7 18 42 49

92
9
96
79

96 16 49 50
7 52 4 25
21 28 21 64
8 92 74 22

46 77
44 7
51 33
67 85

100
65
90
20

48 5 71
52 31 43
8 8 51
87 89 78

92 14
56 46
95 100
98 17

62 36 11 93 96
88 24 6 96 55
83 40 54 10 92
93 83 9 72 29

34 84 34 96
19 51 89 46
13 48 9 50
58 92 77 7

32 13 56 11
31 65 33 65
86 78 100 13
60 40 63 70

26 53 2
63 6 26
43 4 2
91 82 44

28
30
11
25

50
85
53
98

70 96
34 100
37 54
40 58

65 8 21 98
4 12 21 27
73 44 14 23
12 81 30 80

16 20
80 87
78 20
65 93

53 51 24 79 75
39 89 82 56 83
25 53 64 19 19
88 95 99 1 11

54 84
46 84
55 19
81 86

90 27
69 5
99 53
64 21

57 44 32
21 5 53
35 77 32
18 68 79

92 41 55
53 76 73
35 2 60
52 75 54

47 27 12 42
59 7 83 18
99 96 40 27
64 5 12 34

71 99 48 13
69 100 3 84
57 25 46 16
1 93 9 24

17 61 60 57 97
51 28 43 50 60
52 5 69 57 57
43 12 63 30 39

53 79 62 5 94
61 25 73 69 17
43 65 25 66 36
60 72 34 99 96

64 76
89 83
74 68
1 12

47 74 51
94 74 62
35 56 27
37 65 69

8 26
24 40
33 77
95 65

37 13
33 99
46 36
96 77

10
48
31
48

23 1 60
7 90 100
47 24 40
49 14 92

13
21
94
13

96
78
25
54

51 8 8
96 4 69
72 74 48
52 12 4

23 25 100 2 95
49 35 80 13 44
11 56 23 21 93
52 57 93 4 53

57 60 95 90
69 59 5 73
8 84 64 90
25 12 78 33

3 38 70 32
63 58 15 11
83 55 14 91
91 66 92 23

14 82 37 82 20
35 19 37 36 59
61 51 45 53 82
84 5 30 29 8

97 5 55 47 97
94 29 73 88 84
24 82 14 6 98
48 91 94 12 39

9 37
65 3
7 95
56 68

32
65
55
23

76 41 69 38
23 36 74 58
97 99 42 31
56 29 52 70

22 2 92
42 3 90
78 63 77
83 13 60

19 15 100 38
88 10 41 83
19 75 68 29
61 56 38 61

39 81 99 43
66 74 84 86
40 9 39 22
90 20 57 90

41 95 65
29 76 84
55 46 24
47 8 59

73
43
6
46

86 98
86 1
17 78
74 52

65 66 59 6 4
28 40 44 94 70
92 35 80 99 95
2 76 55 91 50

70 84
15 91
60 75
92 48

32 87
43 43
100 67
32 31

96 20 38
71 52 67
46 43 9
17 54 95

27
64
5
33

75
78
71
54

33 80 6
66 58 66
93 96 59
66 76 65

37 75 67 23 70
17 49 49 72 1
74 3 10 66 88
72 26 40 10 34

27 33 30 56
58 48 16 33
93 3 66 41
8 77 100 40

21 82 96
59 51 38
85 80 39
15 22 80

20 2
8 13
3 9
61 29

74 26 3 95
46 31 36 75
11 7 54 47
43 1 37 9

76 37 29 42
81 5 25 65
24 70 58 17
87 26 57 49

85 12
64 76
95 20
58 70

44 18 86 39
12 36 30 73
48 30 50 68
41 96 10 17

9 2 77 49 20
18 31 89 2 100
63 68 81 96 38
90 9 50 76 87

69 46 73
80 80 64
79 32 60
81 91 86

58 100 18 62 43
74 57 26 39 52
72 95 84 45 11
62 55 67 64 52

90 71
25 38
7 93
98 46

13 98 78
100 99 67
13 64 98
30 85 36

57 5 13 56 34
70 5 57 43 35
17 75 82 51 15
67 94 55 26 33

64 90 44
84 41 50
11 48 43
61 48 94

97 28
93 83
8 96
62 52

72 5
47 9
33 95
6 12

95 21 59 23 42
78 56 65 21 31
25 30 14 35 9
54 60 31 61 37

87
83
29
21

5 40 77
78 62 65
88 84 82
15 6 2

74 32
13 77
11 95
21 75

3 26 70 49 23
74 68 19 91 52
91 67 15 92 48
25 14 48 19 2

83 82 21 21 29
91 33 43 36 27
72 51 55 57 51
20 76 62 100 78

90 35 92
75 89 16
96 4 22
6 29 98

5 2 73
75 59 93
4 44 95
23 49 1

20
99
52
99

49 71
40 95
58 63
52 13

94 39 74 8 84
28 53 31 8 3
10 39 76 64 42
17 18 67 63 55

88 4 20
49 90 5
78 13 26
62 26 61

63 2 25
28 74 22
79 81 72
41 57 44

9 65
5 14
72 74
21 44

39 8 67
25 63 6
82 89 33
29 83 75

19
3
60
6

64 75 88 76 83
100 12 50 79 47
28 93 83 43 75
62 83 46 29 66

14 31
33 87
32 30
31 35

3
65
71
61

92 88
93 20
95 28
8 83

90
89
60
2

57 73
47 12
20 86
44 43

22 51 90 100
39 81 76 38
12 31 2 49
26 46 86 67

60
75
87
15

70 1 32 70 2
68 50 97 83 82
90 21 8 59 5
39 91 41 67 92

25
100
40
8

10
45
28
19

34 16
35 87
62 53
95 38

100 77 7 96
17 66 82 57
62 11 99 64
82 43 94 39

87
96
74
7

76 82
77 15
97 37
88 50

21 84 21 54 15
1 46 95 27 8
81 92 84 81 98
83 81 9 85 48

94 1 72 43
34 24 45 97
70 63 78 47
67 83 96 53

11 98
98 37
24 87
42 80

42 86 86
58 58 12
99 64 66
9 21 88

73 55 9 47
40 36 97 53
44 66 14 15
68 88 95 92

76 35
33 58
99 22
7 72

46
67
94
9

13 18 88
3 46 44
33 92 57
74 16 18

68 81 71
72 1 8
21 21 27
75 78 60

62 53
65 12
65 62
38 90

83 36 86 72 34
30 62 26 42 28
70 23 69 67 44
30 96 15 3 47

57 30
35 95
18 92
37 54

1 38
75 42
97 37
7 5

15 88 67
14 15 61
52 12 61
71 39 30

42 3
47 77
22 38
14 29

88 21
90 97
63 61
97 95

18 85 34 62
96 14 3 36
14 37 21 56
40 94 19 77

63 21
34 41
70 81
10 12

35 18 55 63 9
32 88 91 69 94
81 53 31 13 39
89 46 91 91 2

65 88 73 48 53
55 17 50 3 87
92 36 68 51 91
42 85 79 18 99

63 68 60 91 19
56 100 6 21 79
72 38 21 1 50
35 50 62 63 89

14 89 51 1
9 6 28 63
46 44 16 11
62 90 45 26

97 60 89 98 46
64 53 75 94 56
26 51 4 60 36
59 66 14 60 4

19 62 62 41 61
10 62 92 60 98
42 16 98 89 21
94 79 19 12 60

88 58 76 91 20
74 76 78 99 48
5 47 41 87 25
42 63 12 12 41

81 98 24 54
13 1 57 20
99 8 83 64
24 94 8 25

9 69 6 60 12
48 18 11 12 54
46 81 38 25 28
32 80 13 1 56

97 11 45 19
14 79 11 40
2 42 27 86
75 5 6 2

63
67
57
96

16 26 87 43 45
17 58 11 71 33
76 59 22 1 52
76 79 20 34 36

13 64 10 88 65
56 51 37 19 4
57 42 98 26 20
55 65 85 10 97

58 4 70
62 27 29
83 58 5
51 63 47

63 17 48 80
47 41 100 1
18 95 88 28
9 51 68 22

82 61 59
89 17 25
38 55 92
48 98 73

99 5 37 59 34
60 10 65 35 19
79 94 8 71 27
84 2 27 77 59

16 30
9 79
17 97
41 79

78 12 68 94 63
4 51 11 19 22
54 15 11 76 5
96 15 56 19 40

91 7 36
96 97 37
11 12 98
14 42 87

80 98 54 47 40
51 10 21 75 51
37 19 22 85 60
23 35 28 80 48

72 63
94 83
80 98
25 61

91
7
72
91

99 59 13
28 90 99
29 25 88
29 80 99

91 14 81
61 14 14
54 24 65
31 40 60

19 19
79 36
25 47
54 58

60 9 30 45 32
34 96 65 70 9
92 36 89 61 39
74 60 15 73 77

64 14
27 7
19 46
89 3

29 18 90 3 1
28 35 57 51 74
64 75 94 43 8
45 91 80 39 24

73 37 73 61
94 77 48 8
28 46 14 12
28 10 16 82

67 6 38 11
6 23 14 52
77 15 10 80
1 66 15 81

17
94
39
15

35 24 40
36 35 46
40 37 28
22 57 11

87 6 50
20 29 70
55 34 61
28 27 41

52 65 76
92 2 33
58 63 86
59 20 31

36 14 61 5 29
18 46 60 22 29
95 94 76 43 11
29 43 13 67 5

22
18
29
82

22 41 49
9 44 32
18 64 23
46 47 86

3 40 73 88 66
40 81 5 34 51
81 65 28 54 99
36 49 71 7 48

90 24
10 2
93 14
62 36

16
87
92
34

41 35
15 58
95 18
7 18

12 53 13
91 29 24
8 84 95
48 71 87

94
2
69
21

100 63 82 23 64
5 16 6 35 16
10 61 97 58 92
10 100 35 53 41

22 53 24 80 7
7 24 13 4 6
72 73 49 30 90
92 59 47 44 79

66 34 44
71 6 52
21 74 22
100 40 27

14 23 41 11
55 71 61 65
39 85 66 38
33 74 39 4

38 53 29 88
90 19 60 32
63 13 53 25
42 57 61 37

6 22 85 3
1 50 15 84
11 6 18 20
62 72 89 64

52 54 43 95
41 53 68 25
90 54 8 97
88 40 98 38

31 32 29
12 88 62
25 66 90
18 93 63

7 78 77 55
95 76 29 10
49 64 81 40
46 33 58 85

44
17
48
5

98 70
6 89
6 77
38 54

76 2 69
96 55 37
50 88 15
15 56 50

85
47
44
50

92 6 30 72 16
70 14 99 10 69
74 77 28 95 41
3 35 54 37 92

98 84 83 54 6
16 71 35 19 69
74 74 52 10 50
72 25 93 94 50

68 95 55 4 44
100 28 60 82 83
48 98 62 73 47
24 78 29 11 42

66
63
35
43

36
62
19
57

40 89 72 38 49
98 55 83 54 26
59 69 53 58 14
90 79 12 15 17

66 43
61 44
74 84
12 16

3
46
63
66

18 32 71 1
86 18 94 98
32 67 37 79
37 71 54 83

8 1
74 31
17 34
39 45

68 1 54 27
69 36 55 18
61 29 65 74
91 10 15 48

35
72
67
99

65 78
55 43
97 27
41 33

53 17 26
12 8 75
19 33 74
43 47 47

35 90 4 80 66
46 70 32 91 15
58 49 29 38 92
23 83 96 2 66

23 6
87 91
100 80
95 7

94 34
10 44
69 68
57 71

38 49 44 57
44 54 54 37
96 94 39 32
35 3 32 14

95 15 36 91
87 10 51 95
30 86 96 76
58 58 89 15

81 96 33 72
16 98 73 12
24 27 61 61
51 93 98 94

53 85
17 77
11 11
62 53

22 5 8 8 18
54 39 13 96 85
46 61 23 19 81
29 59 43 75 16

95 62 92 19 22
9 66 92 100 13
26 2 29 82 16
94 29 23 57 30

42 42 83 41
80 43 98 84
93 58 97 24
39 49 75 79

22
35
77
36

39 98
29 8
46 59
13 41

69 95
40 57
90 14
22 63

64
53
70
7

5
43
13
76

30 60 35 31
100 89 20 39
63 54 32 16
26 39 11 5

32 85
54 17
40 37
56 64

50
76
23
81

87 7 17 23
22 22 55 37
76 5 33 76
54 35 25 24

86 8
88 58
32 92
37 40

76 6 85 4 23
40 49 63 4 32
65 74 87 70 83
38 80 51 14 52

1 32 32
92 58 83
61 85 57
39 70 7

33 68
71 50
78 54
67 74

79 47 99
9 100 49
42 40 57
97 9 53

15 54 43 72
77 53 40 74
92 66 36 88
1 80 76 89

15 89 44 80
15 74 63 42
21 26 5 16
97 51 16 29

1 96
90 73
68 47
53 21

45 10 98
14 19 91
75 99 64
17 82 54

44 80 87
44 87 97
61 20 71
85 16 63

59 74
37 94
61 22
8 11

98 55 61 13 81
22 96 8 21 51
71 24 85 39 54
26 89 54 70 77

84 23 42 34 42
97 28 56 77 67
14 39 97 6 10
36 50 24 57 59

52
30
11
56

95
28
45
74

82 19 88 30 29
6 72 36 22 89
27 85 37 54 20
84 22 35 69 65

47
54
45
54

82 63
4 94
22 25
51 100

78 50 58 18 78
19 54 73 25 63
2 24 43 99 10
56 82 10 93 14

1
20
71
54

75 80
44 73
11 70
59 76

68 45 6
43 39 2
28 52 43
23 55 15

9 91 75
77 32 28
26 20 8
40 100 44

51
61
40
16

8 65
73 42
67 95
63 65

49 82
9 86
100 85
33 89

60 64
21 66
59 43
87 48

72 79 94 17 83
68 82 82 59 78
99 12 54 54 37
70 41 21 46 67

39
100
69
71

82 19 91
4 34 40
23 39 29
26 38 46

78
95
68
22

21 98 95 36 7
18 64 32 70 38
89 9 65 30 22
25 100 25 89 66

4 49
79 40
63 75
74 100

11 53 79 38 16
74 27 55 51 89
87 18 24 71 63
91 41 58 11 70

21 99 92 99 6
48 5 30 96 81
98 83 99 69 11
48 85 92 100 18

83 55
65 13
3 66
98 22

93 86 57 64 88
76 31 7 95 57
58 83 40 98 66
82 33 8 53 91

8 52 34 64
43 27 97 79
67 17 23 67
67 20 2 42

50
96
3
27

95 14 7 38 27
54 47 71 45 48
66 65 93 77 4
100 36 21 7 56

47 43 94
52 16 53
69 21 28
33 85 77

37
20
40
78

95 9 11 35 33
76 74 33 8 18
31 10 5 81 39
50 74 75 96 2

43 42 58
77 63 58
93 62 53
10 83 83

80 23 7 11 1
44 46 6 50 62
51 33 73 81 34
68 89 1 62 80

48 40 39 84
48 18 76 61
2 54 92 28
33 72 43 75

89 88 78
53 70 74
3 98 67
77 90 95

86 100
18 5
96 87
94 90

