45 72 6 63 74 100 64 39
66 11 35 28 97 56 78 60

5 28 64 56 49 42 36 1 18 96
58 61 11 14 13 8 92 91 37 62

63 88 30 41 59
9 90 50 96 72

54 49 17
85 80 66

3 13 78 41 87 71 96
76 6 14 74 70 36 20

17 55
82 13

50 31 53 93 30
90 69 20 6 60

87 97 38 82 33 98 26 48 67
49 31 99 94 66 39 98 29 82

51
3

82 79 21 12 64 37
82 54 6 11 13 35

57 14 83 76 64 64
3 2 2 87 81 39

5 85
62 11

70 77 79
72 36 35

95
64

10 70 4 65 60 82
95 55 87 72 89 83

24 81 8 18 67 82 79 84 68 78
72 77 22 4 50 76 42 53 81 93

5 55 93
84 48 77

23 78 19 42 28
40 54 68 78 31

73 32 79 97 27 1 48 63 72 89
11 64 23 72 100 24 18 54 11 59

6 88 76 39 44 80 50 99 41
62 27 56 56 86 76 94 31 49

85 24 26 34 87 25 85 26
13 32 62 92 34 14 30 43

51 99 100 85 25 30 87 9 19 24
33 21 20 54 76 4 55 40 8 50

43 47 96
28 54 38

87 53 14 55 21 41 22
86 93 87 91 91 73 29

97 15 56 48 54
36 61 47 96 4

95 98 35 27 63
56 19 13 44 90

38 29
32 34

61 71 84 67 93 96 19
92 61 63 24 38 42 9

78 93 11 80 27 94 35 14 20
25 35 85 31 56 44 9 77 40

53 68 59 26 99
99 49 92 18 36

53 10 99 34 51 78 13 55 49
22 60 86 60 47 67 73 16 42

68 90 62 19
30 43 5 67

60 20 66 25
45 27 47 4

3 30 88 56 49 49 35
78 21 12 40 70 51 57

34 52 99 74 79 85 33
80 52 28 76 42 60 42

4 26
67 58

58 95 65 55 14 93 17 38 95 42
95 16 80 42 21 32 95 26 84 63

72 42 15 31 25
100 16 99 100 86

78 88 45 45
44 38 32 42

43 13 65
64 100 40

93 98 85 87 40 44 3 32 100 58
89 79 29 65 26 67 65 42 69 33

33 52 15 13
12 65 50 64

84 91 87 83 74 44 60 8
25 95 99 29 57 6 42 93

18 26 93 59
8 62 95 63

13
42

46 88
98 18

41 67 25
51 44 63

39 62 28 84 32 37 61 33
40 81 41 87 11 100 85 18

35
30

41 8 53 70 1 13
44 73 34 6 83 75

81 11 27 85 8 91 66 73 74 10
85 99 48 50 23 22 31 5 4 37

1 61 9
29 22 64

99 15 99 86 99 13 75
82 94 61 23 65 70 21

81
22

82 37 53 15 2 81
23 55 96 42 53 81

63 43 96 24 10 27 56 56
7 7 97 87 19 77 25 61

60
51

28 4 50 30 26 24
82 8 35 87 28 78

56 75 53
61 56 97

47 68 85
99 28 12

66 32 50 21 3 68 98
38 55 49 78 41 10 1

59 65 59 85 19 55 97 77 78
82 21 62 26 82 24 2 70 46

34 12 8 42 15
23 86 27 74 5

62 21 46 27 40 60 43
58 90 82 38 26 39 18

6 86
81 34

5 55 85 71 21 77 52 69 57
24 21 58 16 35 30 84 59 53

95 45 3 16 24 7 93 88
37 30 76 3 16 79 97 71

48 30 58 57 3 31 66 8 69
60 10 66 59 46 46 86 1 79

68 25 77
64 22 97

86 1 37 24 67 21
11 43 56 97 82 59

87
20

77 66 75 91 27 25 72 22
19 91 75 78 20 84 61 75

89
44

61 16 11 2 50 7 13 19
29 81 37 27 24 45 39 14

72 13 40 6 98 27
59 58 4 22 47 50

90 60 82 10 75 90 4 46 90 41
23 96 94 96 22 85 60 71 63 35

35 61 96 89 30 21 94 31
26 84 57 72 87 41 40 43

1
98

96 35
4 95

10 13 74 7 5 79 90 54 41 76
87 53 18 46 59 26 56 54 44 2

40 34 93 51 17
62 30 55 23 65

21
27

27 22
78 83

88 37 36 9 34 8 27 77
32 4 8 63 65 38 57 59

42 59 92
16 42 3

75 5 46 90 83 98 67 26 52 36
2 23 27 81 89 63 78 22 97 76

7 20 89 3
14 45 89 19

100 57 25 61 56 68 55 77
65 45 49 36 21 85 100 99

88 51 29
50 27 44

99
83

21 14 67 41 78 11 34 86 26
32 92 69 75 50 14 59 56 22

65
59

12 7 97 21 46 34 72 53
17 12 17 18 77 81 16 90

20 2 92 25 14 42 65
90 13 20 41 83 41 4

35 76 28 20 7 92 89 53
47 5 48 100 5 59 89 47

35 62 75 84 79
28 33 38 2 40

82 48 68 31 8 20 8 44
81 29 70 68 50 18 80 33

7 81 24 13 68
86 14 58 75 57

55 46 75 94 90 84 57
22 13 85 41 96 52 29

90 72 96 68 73 98 80
10 36 48 91 87 58 84

39 1
33 82

31 5 93 45 97 70 63
1 36 17 60 60 4 79

65 96 23 15
16 24 94 27

85 69 77
93 69 92

29 24 4 21 74
46 31 61 76 55

83 12 83 66 23 100 26
84 28 41 71 73 98 79

95
88

57 43 8 19 44 68
30 3 35 33 48 7

64 58 41 91 81 91 29 15 68 90
20 50 63 79 93 11 96 82 34 75

86 99 44 61 14
49 43 19 50 100

65 67 47 85 71 51
39 84 35 48 47 1

11 38 32 49 39 47 59
34 45 4 13 59 51 23

77 45
16 95

98 15 93 60 1 97 66 13 26 98
12 59 100 86 54 97 48 62 30 83

21
36

73 25 21 66 65
27 6 31 16 46

22 23
2 6

58 5 89 5 58 98 26 31 17
12 82 88 37 23 70 73 69 25

52
75

64 46
30 24

78 43 66 75 66 57 100 40
67 98 37 34 85 87 22 17

67 74 7 96
3 23 64 57

13 43 64 87 68
84 49 81 48 51

60 3 51 24 50 2 53 28 28 88
29 43 49 26 27 62 62 79 31 28

19 71 59 76 71 21 1 78 4 9
91 76 27 20 27 65 65 44 17 28

72 89 83 78 95 50 13 95
25 22 95 1 34 75 5 32

2 31 10
7 24 37

72 32 79 40 8 1 100
15 99 59 9 15 67 11

35 77 90 55 27 38 93 94 90 35
36 2 14 42 10 27 92 67 45 100

67 28 68 89 51 25
86 61 67 15 73 5

12 73 52 80 69 32 43
9 60 85 20 24 19 13

22 41 22 37
66 46 8 62

13 2
56 21

38 96
68 24

36 79 89 68 37 10 95 23 66 11
39 50 79 73 100 60 15 57 99 64

27 15 30 12 23 35 51 10
67 20 97 68 52 94 39 79

88 29 94 63 46 2 82 80 8 80
45 74 84 72 67 12 28 31 26 80

56 91 9 58 4 25
45 83 14 56 81 96

13 40 29 80 55 38 51 1 30
56 46 84 52 14 67 74 64 38

47 74
1 15

95 91 74 43
60 19 62 88

28 14 26 65 10 99 59
76 84 33 6 27 37 58

26 94 91 96 68 57 6
34 13 38 19 57 55 22

46 70 94
1 100 3

99 26 54 11 8 100
70 39 69 13 86 67

4 94
14 81

76 11 33 6 86 52 30 54 78 36
7 83 78 74 61 80 50 73 29 1

87 35 80 78 93 78 77 52
87 11 63 10 14 29 49 75

99 89 54 54 33 16 28 26
14 94 37 5 52 74 69 99

8 76 94 25 60 51 56 89 13
56 38 52 26 81 12 45 39 5

84 73 38 95 89 29 41 66 61 16
71 78 78 5 12 40 8 54 65 20

16 22 92 95
41 15 93 62

75 64 70 30 39 89 45 42 90
72 13 18 80 61 93 9 7 77

96 43 75 3 87
68 4 35 45 60

37 35
73 48

2 59 43 55 39 19 40 71 95 46
46 39 70 1 3 34 29 1 97 26

41 58 63
43 28 19

58 17 40 1 78 81
82 20 75 4 93 100

72 95 89 64 2 22 59 54 37 40
70 18 50 46 95 94 14 29 62 59

87 18 86
13 40 56

49 67 43 23 90 32 52 23 45 29
98 53 82 85 35 32 97 24 97 56

94 99 93
93 56 68

20 66 94 54 32 74 47 61 84
85 39 47 54 57 16 12 15 52

25 63 36 98 91 36 85 57 78
92 31 70 37 13 15 81 49 75

29 80
72 8

48 1 50 49 34 67 54 60 85 44
57 12 67 83 42 98 57 20 91 85

73 58 63 85 22 97 100
51 52 4 73 6 84 92

80 42 90 21 41
54 66 25 100 14

8 48 74 88 92
23 68 96 62 99

40 60 38 28 12
37 2 49 17 11

71 85 73 91 46 57 23 80 62
67 29 49 18 83 25 25 84 34

41 51 29 84 44 41 68 65 95
67 40 66 56 72 52 24 49 79

22 88 11 84
75 46 45 83

19 13 66 40 23 24 44 55
93 12 81 37 18 97 75 100

99 37
92 41

87 76 52
44 87 72

45 99 52 18 45 64 7 34 82
19 60 96 2 90 22 27 61 66

95 4 24 80 20 45 70
93 84 49 93 44 57 8

14 14 82 43 66 69 84
27 36 18 86 17 2 11

55 96 64 79 34 69 90
33 87 90 10 45 84 39

57 57
56 96

50 53 15 50 61 36 58
34 55 83 67 6 69 32

20 38 55 53 26
22 50 90 93 60

97 55 86 4 70 18 31 24 90 61
88 9 57 42 31 54 95 60 7 50

30 45 69 81 56 9
84 36 59 81 18 9

57 37 20 42 56 44 29 64 18
18 50 76 41 40 44 11 62 79

50 78 16 55 20
14 61 92 42 30

12 50 8 66
3 65 84 67

17 100 84 56 95 93 99
83 21 69 35 80 4 98

52 47 44 44 43 30 43 50 68 65
83 63 91 6 87 29 63 19 33 59

8
49

21 94 18 84 75 37
31 82 60 41 25 26

27 78
20 40

30 37 37 50 23 98 11 24 99 15
95 52 55 62 10 90 32 17 55 99

89 41 36 76
33 68 97 14

30 19 30 100 57 91 35 56 25 98
14 4 19 95 25 43 22 11 88 37

68 45 99 28 95 99 86
33 37 98 59 6 16 22

72
11

26 18 43
95 30 28

54
65

17 76 23 66
23 97 36 76

2 15 1 37 88 12 37 91
65 42 80 59 44 44 36 28

70 94 11
98 58 66

66 65 8 89 11 65 74
93 34 47 16 61 77 88

53 30 56 29 100 69 39 24
79 40 22 86 36 6 19 3

5 99 92 81 65 77 7 89
90 90 3 43 30 24 88 50

73 57 39 59 16 90 57 91 7 25
74 92 100 50 99 53 6 74 59 75

5 13 18 16 37 40 14 24
83 87 84 94 74 81 95 23

29 82
79 83

60 63 27 48 83 39 80 33 78 46
45 37 31 71 91 42 79 84 43 4

31 57 87 43 84 1 61 36
4 1 44 36 58 30 88 9

7 94 97 76 56
42 2 19 26 30

45 75 95 63
14 23 92 43

56 31 62 72 50 69 87 45 4
59 33 74 4 54 57 36 44 73

95 64 28 71
24 73 29 96

98 36 1 61
81 44 82 70

24 28 97 29 28
4 94 62 96 95

74 68 39 15 31 10 2 57
80 66 81 20 82 23 66 83

32 33 35 69 53
67 91 47 31 47

90 75 90 88 84 73 35 3 9
16 48 55 60 55 41 11 97 14

74
25

86 69 46
59 38 83

25 68 52 58 35 85 40 18 16 33
58 73 95 15 97 85 47 8 96 57

88 70 57 96 63 100 21 30 66 60
62 18 84 89 90 78 51 64 38 14

28 38 13 17 68 47
83 12 63 43 4 78

48 60
45 12

25 68 68 23 55 78 10 92 90
47 2 83 79 95 92 10 66 41

40 20 29 90 53 20 17 55
63 99 87 100 6 5 44 39

89 52 88 6 74 35
87 38 68 95 66 95

54 19 84 55
15 79 41 38

24
14

53 91 7 7 78 25 36
77 23 100 27 61 2 58

79 43 64 33
47 88 84 1

13 55 49
11 16 11

92 26 86 98 32 19 51 83 28
23 88 3 90 55 15 73 98 40

29 15 71 89 87 68 53 75
4 10 88 77 97 68 26 82

22 96 71 39 79
6 42 80 13 32

61 11 97 27 93 54 44 68
31 50 80 61 40 60 100 22

71 40 93
60 68 52

73 51 60 88
97 89 49 27

45 100 80 90 35 73
79 19 54 2 7 12

6 12 49 99 41 32 44 26
16 67 88 32 88 76 49 30

8 48 17 9 22 7 4 33
1 12 46 49 59 20 92 80

56 95 51 64 83 22 58
79 49 72 5 65 26 94

48 3 50 19 91
50 64 70 76 6

44 49 8 89 89 31 76 30
96 46 36 62 25 84 30 38

26 39 62 60 60 91 82 1 52
14 92 54 29 44 16 81 21 17

61 41
15 71

87 29 38 65 21 11
8 62 17 65 2 93

11 35 95 56 73 95 42
28 41 70 7 20 96 68

20 38
13 56

38 16 20 79 94
61 33 22 74 64

93 36 96 15 27 88 29
15 39 37 95 11 49 76

32 61 65 62 14 40
26 65 22 4 8 24

44 43
38 5

13 13 54 13 87 77 60 20
16 70 41 74 65 29 46 43

97 74 87 55 99 78
5 59 60 32 20 1

100 83
94 12

12 9 73 12 44 72 25
82 86 70 55 100 10 4

25 67 91
67 18 77

33 50 72 62 63 37
7 34 43 75 71 45

45 72 40 82 72 65 8 38 82
27 56 100 78 83 44 16 86 67

77 99 13 61 37 68 93 4 25
91 67 56 94 56 43 64 3 15

8
38

99 91 53 88 22
100 94 13 37 47

3
57

93 27 63 7 77 64
62 83 1 16 60 86

22 5 14 10 76 54 4
33 80 17 4 57 33 55

39
20

82 76 68
37 38 18

4 41 62 30 82 50 11 4 7
45 72 4 59 53 40 66 53 30

23 87 23 34 52 99
31 88 46 10 50 64

5 73 56 11 5 62 12 95 73
3 17 96 39 62 94 65 13 71

63
27

9 59 20 14 70 58
17 40 84 94 93 7

38 30 2 13 46 14 30 69
88 30 30 88 52 53 29 74

13 51 70 54 4
21 65 96 64 28

51 97 16 11
95 36 13 29

93 35 37 14 32 6 50 18 28
23 86 82 44 71 57 51 66 97

87 57 84 75
83 22 100 26

74
29

69 28 77 46 11
71 11 57 8 8

96
72

32 47 22 29 8 50 44 74 80
75 34 61 27 25 77 50 29 93

31 56 36 11 24
75 35 33 35 26

55 69 10 64 76 45 84 90 52
40 71 7 99 42 89 65 22 57

48 52 36 63
14 68 63 34

68
51

81 28 47 66 47 70
70 57 81 3 37 2

99 91 85 11
40 76 75 40

16 99 42 76 99 61 78 18 80 76
75 41 61 44 99 6 44 21 17 85

46 82
48 50

82 80
41 43

9 48 82
76 56 10

3 5 56 78 54 66 73 61 61 39
27 12 7 44 66 41 36 81 68 60

65 38 90 77 66 56 38 9 8 36
69 30 56 82 38 67 70 32 49 69

54 86 47 66 54 99 100 68 81
46 19 79 72 85 100 72 54 11

26 88 13 71 45 81 68 45 100 32
90 18 96 42 9 5 88 66 29 26

95 95 7 88 81 3 34 68 10 88
52 74 50 90 6 62 30 60 51 65

66 61 3 34 54 74 26 42
11 87 76 95 81 55 91 32

4 23 79 46 26 20 29 32 46 94
54 2 1 58 14 31 6 42 87 79

53 24 88 50 25 94
83 81 44 93 75 99

19 86
56 51

52 7 3 17 46 79 95 98
19 5 87 75 51 90 34 30

55 83 25 41 49 14 95 50
73 70 75 19 53 85 75 18

25 19
23 86

89 67 38 95
44 74 47 55

62
93

58 73 29
61 84 19

44 3 42 53 12 37 91 30
71 24 62 15 91 67 13 67

90 33 60 62 92 86
42 25 7 86 6 18

34 76 68 47
54 63 7 87

20 16 55 78 50 69 5 18
77 26 42 99 87 66 13 94

83 27 62 18 18 30 11 63 69 92
99 21 9 73 27 2 21 71 62 82

29 77 77 9 59 37 40 18 28 83
25 78 11 96 43 92 46 70 19 79

55 30 50
90 52 67

78 57 3 75 50
34 77 31 69 37

68 61 97 32 65 63 19 75 16 88
60 11 45 35 45 12 66 27 54 68

92 45 96 35 25 31
99 64 80 57 26 33

65 95 83 86 60 9
64 17 11 29 95 53

6 40 69 19 51 13
43 78 14 54 84 7

28 11
78 37

77 19 23 94
98 48 95 67

42 74 61 75
19 80 93 53

39 49 33 77 16 77 94 21 82 65
48 6 36 41 35 36 17 23 72 93

43 27 59 84 34 8 48
5 59 6 61 96 8 9

42 34 43 2 46 78
88 27 49 65 67 52

77 12
46 33

95 26 71
90 30 44

17 40 27 66
33 19 43 76

89 56 76 94 74 97 25 3 55 28
43 11 30 31 31 11 70 16 5 50

26 40 89
26 58 4

95 56 29 62 3 48 3
7 3 10 19 83 71 89

17 59 51 51 64 98 89 56 23
70 31 29 8 75 96 16 50 22

95 88
38 23

42 79 29 43 26 29 79
60 69 55 36 53 22 52

38 71 88 56 47 83 48 82 65
58 57 45 73 37 13 29 74 49

47 45 18 55 53 50 94 57 97 80
45 80 31 26 55 59 39 15 7 23

28 16 86 98 43 62 9 89 30 66
12 62 4 54 24 63 20 17 25 93

98 56 41 7 43 70
68 78 2 2 57 4

72 8
49 71

72 66 71 16 46 3
33 70 85 30 32 82

34 61 94 31 22
68 8 93 57 100

82 5 77 94 77
39 1 99 65 79

51 52 3 67
11 85 15 55

31 87 14 31 11 76 49 8 92
5 1 57 68 14 80 6 95 91

43 91 84 39 54 42
14 92 85 83 45 49

38 38 49 13 89 30
37 10 92 80 76 52

89 49 28 4
76 59 4 64

30 59 42 85 71 69 59
54 33 62 34 13 80 38

91 97 41 90 16 34 22 58
14 90 11 1 58 81 20 55

66
94

79 38 81 20 64 64 99 25
21 76 74 21 19 17 85 9

2 60 62 55
92 52 68 6

32 55 9 85 47
33 94 69 40 85

73 73 97 77 87
85 32 41 16 12

96 10 57 48 15 54
61 31 13 15 56 46

97 31 87 89 37 78
98 5 19 36 32 29

90 19 63 94 84 74 62 65
13 50 50 27 27 63 17 21

61 19
14 74

30
19

12 45 86 91 63 9 14 28 72 17
30 65 83 78 46 84 35 21 58 3

12 95
61 25

81 52
95 10

4 36 82 54 13 93 18 17 55
18 47 30 86 67 78 9 65 45

83 27 90 77 51
46 57 24 34 3

99 46 2
13 81 40

16 11 21 12 80 18 97 86 20
70 86 81 18 51 5 58 100 56

71 71 40
2 51 21

17 58
70 20

9 52 66
8 71 9

81 36
66 99

95 43 80
74 69 39

19 13 27 46 86 29 82 35 48 44
88 1 66 72 94 44 42 9 4 88

48 56
82 47

63 69 48 48 78 93 72 2
47 51 29 41 51 3 3 41

16 5 20 66 15
66 43 24 47 80

60 43 38 35 67
51 56 53 61 66

8 8 25 79
34 54 20 3

17 55 65 19 56 43
53 3 30 97 99 99

85 96 69 15 88 56 66
90 12 84 38 59 9 35

2 41 80 100 43 56 51 19 24 96
64 87 7 6 57 14 55 86 7 45

59 99
58 37

30 67 44 31
81 93 37 42

31 53 67 70
29 66 48 16

49 77 54 40 20
26 41 6 51 60

12 49 2
33 30 73

25 41 84 11 82 22 41 45
30 77 70 12 94 12 43 46

54 99 87 30 66 83 30 58 55 20
27 39 76 45 28 25 32 95 66 100

77 11 71 91 91 86 3
54 66 65 51 43 58 37

35 95 90 9 95
65 75 5 51 14

96 59 23 55 70
63 14 10 34 33

7 51 90 53 76
16 66 86 22 5

82 26 62 4 63
98 43 64 69 29

65 71 98 55 72
58 41 79 84 46

63 79 14 8 51 39 19 49
28 4 50 17 42 79 21 31

87 11 33
19 34 44

73 7 1 50 10 81 50 34
47 16 28 46 35 14 48 7

72 8 79 4 89 26 12 77
100 39 81 45 30 97 100 68

70 35 89 59 64
15 41 52 74 4

4 42 72 46 85 36 58 17 77
86 32 25 95 14 57 57 37 97

93 33
18 62

94 50 93 9 96 62 40 71 15 66
76 81 28 33 40 69 92 45 39 39

92
50

67 33 78 52 40 41 13 47 85 37
16 82 69 55 22 57 1 51 99 31

49 73 73 30 17 92 13 97 69 70
98 63 14 49 44 11 31 67 64 46

2 89 27 89 12 48 73 20 26 79
87 64 55 9 98 6 65 77 73 89

18
10

87 43
78 30

59 50
35 83

21 65
13 25

77
5

30 19 83 99 83 36
83 50 97 6 12 100

40 20 67 53 37 88 25
15 95 75 91 60 32 41

47 99 94 78 8 4
87 8 35 15 67 40

58 19 74 50
85 71 48 63

16 65 30 38
64 73 60 37

100 74 90 100 44 81
63 45 83 97 3 27

92 49 36 71 80
69 47 93 47 22

5 82 89 72
71 39 69 11

7 95 54 15 45 78 31 90
100 4 34 51 8 52 55 32

90 31 61 57
38 100 95 29

39 49 66 84 38 84 13 29 81 28
92 27 83 11 35 100 25 31 88 19

23 25 44 39 38 80 89 91 85 3
93 11 80 40 34 49 22 21 46 79

94 7 76 52 83 47 38 50 19 32
29 56 91 85 16 69 21 58 91 95

28 38 9 85 89 8 44 85
99 13 96 64 32 32 59 55

25 96 25 28 11 50
97 25 84 45 40 22

58 57 70 82 36 82 90 41 62 39
59 31 99 62 24 33 24 25 1 94

68 96 78 7 98 52 36 38
30 86 19 62 51 56 5 72

81
100

22 85 29 5
39 72 73 27

27 40
97 63

72 71 17 61
46 98 27 40

89 34 32 28 50 35 56 59 54 39
49 36 7 43 77 76 14 57 1 27

40 28 73 13 46 9 23 61
37 10 67 87 5 89 5 66

100 49 5 43 100 17 50 83
6 97 16 22 65 47 17 86

36 78 57 59 46 36 13 73 12 8
77 35 53 19 2 45 63 52 76 58

47 38 81 60 99 3 43 86
13 76 21 76 38 34 9 60

32 29 42 16 59 2 18
37 40 33 66 68 20 66

23 47 63 54 96 44
80 83 18 57 96 67

98 78 39 79
95 5 49 82

26 13
29 11

50 36 16 91 18 25 29
61 35 81 85 76 41 82

82 15 11 69 16 13 13 76
73 18 40 84 91 97 23 62

91 86 32 2 74 45 62 63
26 61 64 50 58 97 59 98

37 32 19 69 79 10 53 66 57 12
76 59 90 72 19 23 9 90 9 30

27 10
35 73

55 10 38 42 39 8
40 92 80 33 93 37

26 61 68 1 10 86
37 69 13 79 52 46

7 67
57 27

85 71 87 62 6 20 16 65
85 80 3 87 12 36 39 55

40 21
51 27

35
35

94 24 57 81 29
87 6 23 59 80

78 66 42 38 12 30 50 78 36 20
20 57 64 54 39 96 33 3 78 1

40 86 67 5 64
50 29 74 58 73

11 66 36 48
63 88 19 64

62 16
79 88

99 25 83 50 44 77
93 65 56 11 90 62

77 74
8 52

41 56
19 10

29 72
47 100

76 92 82 93 42
67 18 70 30 87

78 72 58 41
65 73 13 42

79 3 95 99 70
99 25 67 52 77

53 68
72 99

52 48 75 88 50 64
6 75 14 37 77 10

79
22

97 70 43
9 9 36

30 25 17 54 39 21 72 29
80 97 18 12 18 93 93 38

74
75

58 70 46 31 80 43 49 61
32 27 74 1 45 58 53 34

44 68
97 27

68
69

79 54 37 40 31 1 38 61 30
50 27 26 90 98 89 28 76 74

53 30 86 21 43 40 29 86
68 90 63 66 7 54 57 72

2 83 68 57
96 88 41 95

49 23 40 92 80 84 60 92 43 33
30 88 68 68 16 35 93 49 10 40

51 20 41 73 47 83 66 70 96
43 85 92 21 33 88 86 70 89

45 9 94 50
67 74 46 29

67 62
89 19

84 86 9 37 25 65
43 76 81 30 52 68

100 18 1 25 75 42 47 70 58 33
27 12 72 70 28 89 93 60 26 43

18 61
66 42

1 31 39 100
13 20 48 14

5 14 29 44 14 68
65 90 100 43 36 14

96
49

3 53 69 71
52 48 38 96

73 63 72
5 74 3

40 2 76 59 5 81
23 92 9 41 97 51

87 82 52 12 3 72 41 24 25 25
23 93 51 16 33 34 42 31 8 33

80 97 10 16 26 70 51 4 1
7 77 47 86 80 28 98 80 13

30 48 82 46
75 56 100 94

91 46 50 48 14
58 21 95 12 57

9 37 24 51 34 82 2 1
34 94 46 14 18 19 20 93

23 83 22 20 95 36 100 92 60 84
8 22 30 2 76 19 97 23 37 47

99 30 43
88 44 16

9
75

16 39 70
34 62 42

88 62 7 28 100 28 28 84 83
9 64 4 5 59 13 23 78 53

28 18
33 43

18 94 91 94 77 11 94 86 86
77 98 16 88 61 19 24 72 76

99 48 67
29 14 89

62 1 84 62 95 9 26 33
12 22 90 70 76 29 79 87

90 18 69 61 13 49 76
42 87 88 7 21 23 47

100 38 74 37 20
13 70 8 2 25

17 22
80 25

97 87 5 50
79 7 5 54

8 62 40
90 78 78

23 47
71 85

70 81 66 69 26 88 95 30 44
44 34 73 58 10 96 84 5 13

89 3 29 85 70 21 86
29 94 17 47 8 39 29

57 27
91 28

44 10 44 45 51 41 24 13 54
14 15 91 35 38 66 64 90 38

61 78
45 27

64 11 41 22 45 76 43 60
94 15 95 5 77 41 74 44

95 51 42 84 11 76 82
4 58 47 50 81 57 8

71 24
61 47

88 90 85 11 84 96 79 70 88 22
71 26 80 6 26 53 42 15 95 70

35 14 46 31 83 63 29 80 18 62
69 84 60 80 16 62 87 81 71 24

3 99 21 57 43 2 98 18 5 76
54 10 72 48 3 15 58 37 58 57

45 83 71 56 61 31 90
67 39 40 31 59 78 32

18 21 57 54 77 39 80 52
28 19 72 15 1 47 62 50

13 86 23 37 44 32 67
4 39 88 24 56 13 85

65 100 97 69 49
4 22 10 15 52

10 8 90 51 69 43 66 56 59
79 84 94 27 31 33 56 30 23

98 91 80 37
31 54 13 26

58 94 14 47 16 5 42 21 82 24
26 97 30 7 2 44 14 100 50 29

35 50 68 51
46 72 73 86

99 86 99 98 37 9 34 50
89 43 5 93 28 41 47 84

86 82 33 50 84 76 3 47 91
46 36 89 57 36 1 9 9 27

7 77
1 30

38 15
76 33

66 74 12 95 45 92 54 19 65 40
28 31 73 12 11 83 75 89 38 48

44 47 9 69 13 99
67 19 78 87 76 53

99 88 13 8 77 100 31
2 29 41 49 34 64 84

41 89 61 1 70 85
35 88 91 65 63 6

74 57 41 51 50 32 80 37
3 75 78 40 1 92 100 62

23 65 80 74
22 31 70 60

62 91 79 6 87 65 51 95
90 71 66 63 31 7 67 31

73 1 68 13 71
45 5 75 54 10

33 69 20 11 1 95 90
40 71 63 90 78 10 82

59
52

1 3 70 18 88 19 10 52 6 100
41 47 79 56 86 95 5 6 45 67

52 45 51 75 74
57 37 47 89 40

44 96 95 80
82 4 74 7

49 98 12 67 100 36 23 55 58
34 83 11 19 6 50 47 70 6

14 36 34 60 88 18 71 63 3 24
70 64 35 61 89 42 38 95 2 33

71 59 75 73
67 53 85 74

43 37 6 97 54 69
29 96 83 29 33 93

100 9 28 35 60 81 83 36
85 96 7 14 47 23 73 45

19 99 1 96 44 8 98
65 72 39 84 13 84 59

17 69 74 91 65 71
78 5 15 37 82 38

83 56 81 89 75 49 83 84 47
81 36 94 100 72 83 10 19 31

41 24 21 78 87 100 69 31 78 75
99 16 85 51 25 8 93 52 87 36

62
91

74 24 19 69 89
23 17 24 9 91

36 19 33 81
95 30 96 32

50 92 69 35
39 41 75 67

57 55 57
62 9 31

88 100 75 75 50 18
80 20 45 54 71 21

19 66 97 96 32
10 45 88 25 9

21
38

73 23 57 93 16 22 4 79 37 25
19 79 32 60 91 86 47 32 63 59

17 26 11 55 66 87 84 96
55 37 100 53 62 95 43 11

95 3 91 74 96 11 58 12 95
75 34 44 49 96 48 73 43 97

25 84 63
99 34 69

1 60 50 79 63 33
38 94 86 59 30 98

51 95 77 1 86 97 40
17 82 57 63 86 83 78

65 86 84 83 48 72
82 8 1 43 22 23

38 96 39 41 100 81 3 89 33 45
69 6 2 36 1 36 22 30 20 14

1 85 32 74 88 6 16
75 76 2 75 25 54 31

2 11 33 60 22 86 57
69 100 73 6 27 9 4

22 67 53 7 63 45 42 57 34 78
65 27 72 72 99 15 18 44 48 42

35 91 39 34 71 53 57 73 66 43
65 83 97 20 79 43 22 39 83 11

31 14 70 38 93 54 44 81 55 38
40 87 99 60 56 98 75 35 41 61

2 46 6 29 98 14 22 95 86 52
54 82 98 30 16 55 15 63 34 19

10
60

4 7
91 72

25 64 29 82 63 71 37
33 84 99 67 1 42 75

86 55 57 24
59 56 31 88

76 6 63 58 40 30 28
75 51 65 17 17 90 54

24 8 36 73
43 18 72 34

96
48

80 38 4
74 39 92

84 99 70 51 22 57 60 22 33
95 97 67 8 32 35 20 9 49

12 70 21 22 16 53 45 84
70 7 7 74 1 90 18 61

12 45
39 74

64
76

76 34 78 64 1 29 89 29
71 88 1 92 12 65 12 33

93 76 30 74 65 48 97
61 47 71 17 62 27 87

68 80 18
49 45 66

26 18 16 41
46 63 82 88

50 89 35 51
100 52 86 40

20 7 18 52 96 27 74 79 48
95 33 89 30 55 71 35 57 8

71
89

30 64 79 27 57 45 39 59
17 86 37 11 11 98 80 83

86 87 76 58 59 75 7
74 59 51 16 39 56 57

48 81 17 88 71 41 37 68 22
20 79 26 26 25 62 38 14 20

60 19 53 76 45 6 56
24 15 83 6 28 51 32

57 73 84 58 83 98
14 95 42 51 49 35

14 65 49 16
5 72 8 99

37 74 78 45
3 50 34 49

23 32 46 55 93 51 73
77 27 43 46 23 31 68

34 20 78 54
100 80 91 2

38 74 55 90 4
62 8 7 41 34

39 36 3 17 18
37 56 37 66 100

11 20 69 79 5 8 12 19
22 12 97 89 47 87 8 14

74 27 93 29 66
89 63 45 36 66

41 56 13
38 33 1

30 59
91 71

67 23 28
3 2 76

31 12 48 84 3 58 47 17
80 76 27 20 4 35 44 73

16 16 90 43 80 68 29 71 44 97
19 92 35 93 16 86 7 31 43 88

16 14
21 1

92
82

45 52 62 78
79 75 28 77

12 85 74 79 98 41 89 61 58
27 58 41 70 25 16 57 98 98

20 31 88 6 69 6 34 45
31 54 3 61 80 41 21 16

38 12 14 46
15 20 80 45

73 10 54 100 83
1 14 20 36 24

56 58 22 83 8
95 13 67 52 50

59 39 58 83 74 36 94 9 89
85 59 72 38 95 1 58 93 28

66 93
4 16

55 87 94 45 85 28 78
41 36 64 99 35 67 26

19 19 81 96 59 23 54
83 69 3 66 2 98 24

19 50 94 73 29 73 53 98 69 95
24 22 37 48 31 96 23 50 68 33

12 27 42 81 64 40 16 98 54
9 56 58 61 19 84 93 50 83

84 34 34 63 70 24 9 36
32 44 36 36 13 63 32 58

53 67
18 72

23 12 76 17 83 57
99 9 63 6 35 68

95 25 62 66 69 70 42 29 36
56 11 99 75 1 74 38 4 33

9 24 30 9
86 61 32 5

32 79
81 68

66 95 56 23
95 38 37 44

55
97

7
89

71
87

69 99 40 1 38 85
74 54 71 54 53 52

79
90

86 49 72
68 72 72

67 91 1 14 57
79 95 78 72 18

73 33 10 64 15
28 32 54 25 34

27 49
74 78

5 76 50 16 5
13 57 17 84 68

15 13 89 29 23 85 69 61 19 52
99 56 44 54 66 34 49 30 58 59

100 33 15 23 88 97
99 43 59 5 90 32

63 20 55 9 65 17 90 18 19
79 89 38 43 81 9 85 14 3

47
13

67 65 91 63 17 47 84 100
5 10 77 56 34 34 75 28

89 24
85 54

50 9 23 68 19 61 15
44 91 20 35 2 28 21

47 33 46 17 16
11 68 94 31 74

22 78 39 93 11 81 39 40
5 92 78 39 35 3 92 38

26 19 64
93 48 56

15 22 48 15 74 81 97 70
82 20 94 82 45 92 58 39

85
2

17 21 43
75 70 58

40 47 52 17
83 37 39 64

17 25
82 72

74 97 41 52 18 49 34 94 99 1
98 51 33 56 3 44 84 57 11 73

69 75 77 28 3
81 29 6 11 15

96 42 90
39 56 2

58 45
57 15

67 33 15 33 80 46
68 72 12 46 79 41

91 76 70 45
27 28 1 87

15 67 56 98 5 44 56
28 23 86 94 15 8 25

90 37 83
57 22 12

13
50

8 25 30 63
26 78 48 53

49 11
88 11

68 60 1 22 38 87 93 74 22 81
34 73 44 10 5 61 84 94 67 14

93 40 76 31
45 88 47 46

70 49 53 23
53 59 20 60

69
84

97
48

40 34 40 32 32 81
99 38 96 91 85 5

35 59 26 46 96 55 75 51 24 94
38 36 89 70 5 56 2 21 6 24

1 86 78 22 20 63 59
72 13 59 70 78 8 75

56 77 48 13 89 88
41 45 96 67 68 38

77 64 93 14 18 42 72 56 81
6 93 9 74 29 62 13 43 44

93 26 11 2 83 73 77 40 4 11
62 48 2 5 21 68 53 18 28 93

95 75 42 31 10 1 44 34 76 5
43 59 30 36 65 28 47 58 79 77

79 14 42 30 78 55 99 4 95
11 21 32 73 57 92 30 40 80

78 34 13 22 8 39 76 28 97
71 28 7 95 8 14 35 58 81

65 41 83 84 7 35 36 77 1
2 20 48 33 27 54 2 91 72

46 71 60
88 26 32

73
9

27 67 81 22 78 67 86 21
2 60 27 95 89 41 23 57

61 90
57 65

49 84 92 58 44
81 8 35 47 35

11 91 27 63 49 100 66
75 19 80 90 87 100 32

31 5
40 43

83 30 79 7 24 27 2 37 20
43 31 52 28 84 23 93 17 81

32
59

23 92
8 38

45 6 15 57 48 73
80 77 53 60 15 34

21 53
82 15

1 58 52 94
14 90 33 50

57 35
55 2

59 87
60 25

75 73 81 82 75
4 88 56 67 14

29 6 68 72 2 64 41 53 74 99
87 78 24 66 96 13 73 64 39 10

69 50
57 81

66 77 13 48 14 65
85 73 1 94 62 29

60 65 92 35 22 40 41 52 64
95 51 93 71 100 85 9 100 14

63 77 66
38 4 47

38 88 55 37 56 51 36 48 54
21 85 11 60 48 74 51 16 44

7 82 57 69 100 55 25 16 37 83
73 7 14 86 12 90 66 18 11 61

8 86 89 22
65 78 84 10

36 75 64 71 54 89 89 97
1 93 37 89 86 93 47 83

34 48 16 56 99 12 70
75 38 18 93 38 29 17

19 68 62 46 84 28 55
91 90 46 23 64 30 75

43 4 18 64 32 54 17
94 57 90 79 11 56 6

29
100

4 91 56
95 97 80

24 50 66 71 20 80 30 55 91
66 44 83 75 26 53 34 33 68

12 7 18 58 98 19
13 42 49 10 93 100

9 38 7 72 6 30 80
8 78 11 44 41 41 22

30
77

73 12 80 91 63 1 80 9
49 85 58 36 38 13 1 9

5 6 36 75 35 41 13 28 85 68
76 67 15 61 27 83 83 25 26 100

55 68 36 29 91 70 35 42 31 39
81 15 96 79 87 92 53 35 98 18

92 16 77 98 13 27 21 49 95 70
7 63 46 4 87 99 52 60 6 93

27 35 9 41 98 20 6
70 26 63 25 92 41 29

96
79

90 30 11 55 98 52 38 48 17
16 91 49 35 67 30 60 82 7

3 70 19 56 26 68 89 78
38 60 13 88 84 59 2 93

84 75 27 52 31 35
4 50 60 90 82 48

91 90 81 74 19 11 12 84
8 26 28 30 6 54 23 3

43 98 42 89 10
12 79 55 19 65

59 70 22 51 36
89 9 60 71 91

94 42 93 78 84 93 69 90 81
24 24 16 27 95 63 22 45 99

31 33 7 51 54 88 34
73 16 49 30 69 95 15

52
76

18 86 25 42 21 54
47 8 1 25 31 1

98 62 36 22 39 26
35 88 9 71 12 55

85 46 72 60 26 98 3 12 77
21 52 68 9 9 21 20 21 99

68 65 97 75 55 16 30 75 23
80 51 91 12 14 24 67 9 15

68
24

2 90 47 26 76 77 27 9 84
52 37 17 97 13 53 96 65 14

80
88

13 44 31 79
24 23 56 13

11 99 9 89
33 67 22 30

74 39 64
88 84 84

88 57 24 47
5 51 16 55

29
8

68 45 61 59 74 80 75
81 49 41 36 77 51 28

12 73 18 30 50 48
5 1 14 69 9 27

24 78
54 70

4 12 65 35 41 17 66 65 39 48
42 75 17 34 60 91 76 28 73 79

52 76 18 52 41 13 52 16 80
18 71 73 60 7 57 28 84 67

21 98 74 49 4 23 33
82 10 74 38 36 57 65

86 41 21 23 39 7 62 9
98 45 23 95 84 53 58 80

88 46 49 58 26 51 93 13
59 64 49 3 3 59 17 97

17 80 1 34 91 52 43 17
52 49 44 21 80 100 75 18

80 51 14 6 53 27 47 86
80 58 8 38 85 38 75 16

31 88 4 63 37 19 18 24
63 30 97 30 5 14 42 80

60 89 16 84 41 65 32 72 98
18 27 40 38 53 40 53 42 74

35 52 64 51
16 41 87 86

9 55 79 93 91 23 83 45 7
33 74 74 58 5 7 5 76 1

41 80 59 48 84 68
81 14 49 65 61 24

95 99 80 16 47 67 60 2
80 25 55 41 8 66 31 1

21 63
86 76

30 9 59 37 89 66 9 95 10 85
32 71 92 78 20 6 47 59 8 26

83 46 44 28 72 28 22 75 38
71 34 57 50 88 32 80 15 91

21 11 22
10 82 54

11 14
49 72

75 30 55 12 51 98 27 95
92 6 94 39 74 68 64 87

77 56 62 11 76
12 47 11 10 74

32
65

56 14 67 88 4 5 93
29 39 5 21 78 40 90

38 15 11 24 35 92 21 33
95 33 65 26 24 78 81 15

75 30 47 76 66
99 88 51 70 22

10 66 58
70 74 81

34
69

88
52

22 80 44 7 77 73 98 61 53 95
7 16 24 87 22 9 95 19 57 14

15 16 42
94 92 61

80 6 58 98 71 92 57
34 7 35 48 30 16 42

53 12 14 88 57 25 93 60
58 14 38 15 58 73 90 67

51 59 11 64 48
42 78 78 40 57

52 54 12 59 65 33
28 57 56 70 39 61

31 14 83 20
51 1 53 88

100 35 89 82
58 70 74 36

24 26 18 32 15 5 79 91 93
68 97 23 15 33 51 36 37 63

41 9 22 44 11 47 62
30 29 26 36 65 18 72

33 1 48 90
64 85 6 42

77 27
3 63

44
98

20 40 48 97 38 58 97
7 95 48 45 82 68 42

26 97 10 44 11 54
16 49 34 34 16 58

9 88 12 29 67 49
68 40 73 77 61 82

68 36 73
62 11 7

62 18
22 31

80 40 36 60 57 64 68
45 91 45 14 36 77 16

3 66 31
39 51 21

32
94

17 63 69 32 100 94
65 11 61 45 43 95

90 35 13 13 62 19 23 34
69 6 1 77 3 41 81 16

11 21 81
64 95 18

68 72 88 55 46 21
43 73 12 29 81 39

50 43
73 31

62 43 24 45 21 49
1 26 6 64 44 99

77 29 98 83 35 17 18 26 88 47
12 32 32 72 53 28 54 84 78 88

28
52

12 15 22 75
95 80 82 81

16 7 49 20 16 8 31
28 32 90 53 29 90 7

35 31 44 93 53 64 15
2 16 67 23 95 8 21

94 79 98 40 63 38 66 33
6 55 56 45 98 51 53 60

73 43 64 39 91 89 69
14 2 44 54 65 89 9

89
31

42 46 1 52 44 46
83 98 29 68 30 90

12 56 89 73 13
99 25 30 32 91

9
41

18 71 25 17 81 25 81
93 76 48 30 29 76 6

39 38 42 67 61 11 43 3 55 16
80 19 99 65 19 77 30 50 39 28

38 72 2 89 95 56
17 51 19 73 21 30

12 22 75 3 27 83 21 64
79 21 87 50 51 43 4 24

93 71 1 73 87 100 89 11
61 4 22 77 71 87 67 63

97 58 74 92 74 99 77 78
95 34 67 21 16 58 64 6

70
11

100
36

79
84

76 44
44 62

24
97

45 63
48 50

57 99 16 53 50 58 56
10 88 39 87 31 8 66

70 7 97 83
33 94 81 19

67 36 36 72 45 24 28 67 11 43
17 79 59 51 54 11 28 9 30 74

78 13
90 95

77 68 45
88 60 65

1 100 62 61 75 76 97 67
55 57 70 84 88 98 63 68

35 45 50 42 49 14 66
74 73 37 8 39 73 18

95 73 55 65 68 5 25
47 100 86 28 33 99 23

100 57 63 37 34
17 76 36 75 31

98
45

53 85 60 74 2 42 56 65
29 5 14 22 24 15 38 54

50 62
12 23

79 62 19 7 61 1 22 56 52
51 69 91 52 68 95 45 86 45

64 72 78 37 17 62
3 77 90 60 33 49

8 71 16 65 8 36 80 38 62 34
7 9 33 5 44 98 2 83 70 8

96 59 56 32 45 35 99 91 3 41
87 32 8 8 47 23 62 89 75 25

16 27 76 18 94 16 10 15 88
34 82 55 99 1 22 30 100 79

47 29 25 94
57 4 97 32

28
33

58 54 70 68 30
66 76 10 15 93

40 97 76 1 97 38 15 78
50 11 62 88 39 2 55 77

96 84
2 59

77 86 77
82 88 44

43 90
20 100

37 44 8
72 80 77

15 79 2 78 6 2 68 89
27 28 76 7 13 47 52 47

75 72 41 57 23
10 16 22 7 55

33 78
74 91

52 2 69 27 81 14
53 26 31 100 94 70

4 27 64 66 92 74 51 17 41 41
78 57 51 17 92 73 49 91 8 26

99 44
37 69

32 64 63
58 81 74

71 97 68 43 10 87 84
88 10 1 95 19 3 23

55 74 63 50 63
17 98 36 51 30

78
98

96 82 83 63 28 45 49
57 67 7 85 30 36 65

65 56 93 63 94 10 98
69 30 61 94 21 25 42

97 91 42 64 49 22
48 7 5 76 26 45

55 75
86 67

80 78 49 24 11 41 46
76 69 32 57 80 54 13

42 5 24
58 24 76

56 61 58 93
78 99 99 93

29 68
46 27

19
75

31 87 70 88 37 16 71 40 80
32 35 42 64 89 45 56 39 11

59 99 53 24 5 16 52 48
62 48 12 50 81 96 78 8

21 36 55 55 68 6 10
19 76 37 24 25 30 56

25 46 30 18
99 90 6 63

1 63 63 12 53 40 64 70 14 33
52 52 54 25 12 14 6 12 38 87

41 58 67 26 16 36 41 86 94 67
69 55 85 47 25 42 74 66 5 61

47 61 84 81 72
2 5 51 69 43

95 50 55 90 55 28 70 70 30
26 31 45 75 79 16 54 82 55

14 96 86 96 68
61 15 76 39 91

12 68
77 36

25 36 25 95 28 19 95
21 3 36 14 49 72 65

24 1
46 38

80 78 36
13 45 24

44
62

20 56 29 6 12 95 50
72 3 93 89 67 30 79

89 60 64 29 25 15
100 71 90 100 87 67

31
27

31 58 5 51 64
78 46 97 59 88

97 65 22 89 86 25
39 48 55 32 19 55

73 34 88 32 43 52 63 17 3 87
61 58 94 73 94 6 46 90 26 46

45 24 36 69 64 84 31 48 4 88
93 73 65 5 52 11 4 6 82 19

30 75 49 31 22 49
74 97 69 89 74 26

8 58
98 43

47 85 92 49 94 82
97 62 11 7 36 30

78 49 93
16 52 8

80 44 28 78 71 30 52 43
60 92 39 32 8 63 4 38

74 72 91 69 41
42 80 70 29 83

43 82 86 19 4
4 23 30 35 63

26 76 91
57 47 33

71 15 21 57 38 34 8 22
88 67 26 96 3 37 44 44

62 16 37 83 74 56 69 76 35 98
49 79 58 52 68 10 2 38 55 98

78 100 11 19 43 100 22 4 88 48
73 1 5 75 83 69 94 3 71 89

24 37 24
45 64 52

95 49 63 73
37 49 29 2

46 23
77 46

7 45 22 30
4 38 48 7

30 27 36 74 36 23
30 40 86 8 100 35

16 99 83 89 11 82 60 72 45 83
100 48 72 5 19 64 58 59 24 68

35 71 34 5
13 47 1 67

55 85 33 6 44 49 24 19 49 85
44 20 77 45 70 66 58 86 41 13

12
82

38
59

41 83 52 8 80 57 91 50 57
23 42 83 71 37 25 31 31 88

12 83 80 10 58
80 42 79 84 88

12
2

99 53 16 59 37 97 64 90
60 22 60 39 54 100 27 43

92 100 73 68
11 20 78 35

47 2
91 28

4 61 74 7 81 80 71
86 25 17 41 60 89 81

16 69 59 1
35 54 30 45

51 2 83 89 20
36 88 7 25 33

83 2 84 10 9 14 4
15 55 76 35 79 24 19

61 58 66 77 47 11
33 38 76 71 67 49

38 54 42 24 10
25 15 10 24 38

21
4

44 24 56 36 61 47 14 63 51 98
41 20 11 97 60 66 47 23 93 31

11 42 62 78 42 17 42 67 64
62 63 54 81 5 62 72 95 19

47
84

57 39 57 51 41 78 4 31
94 22 15 62 97 40 61 79

11 26 97 68 50 78 26 81
39 13 100 25 98 84 69 87

39 72 2 45 84 11 51 53
7 76 76 42 82 31 61 21

71
90

40 44 95 61
19 89 96 89

4 73 18 82 54 79
65 56 11 49 17 6

56 30 74 7 70 53 41 67 44
99 34 23 55 79 1 15 95 88

35
11

53 19 2 91 31
100 37 51 41 94

20 49 43 39 86 82 7 70 86 88
22 83 81 68 35 28 68 40 43 12

8 77 28 19 65 34
49 100 52 65 91 69

33 84 46 42 38 77
45 31 54 23 90 2

9 44 73 2 44 10
29 76 55 65 64 13

41 49 43 32 39
93 31 12 70 99

26
29

12 45
26 53

38
83

79 49 55 19 22 11 33 45 44 33
87 76 65 37 64 20 76 65 29 8

46 46 4 98 66
20 27 31 95 20

1 45 95 73 26 10 85 46
23 39 7 93 89 17 98 90

40 100 33 7 30 72 59 25 96 17
13 22 91 35 69 40 32 86 100 80

64 95
93 90

73 55 88 73 5
80 72 85 23 95

56 23 88 19 83 14 14 49
97 65 79 35 71 3 75 77

41 23 23 92 84 85 66 72 58 49
91 23 55 63 27 49 25 11 18 59

7 25 31 58
76 13 96 80

6 52
88 34

41 3 69 88 35 97
90 46 33 2 51 28

28 8 97 45 10 76 2 25
53 40 16 6 6 96 35 4

56 7 41 17 55 13 97 58 52
72 51 75 23 57 88 24 85 37

94 14 44 56
79 10 74 7

42 9 63 63
94 50 49 48

35 3 59 40 63 64 34
53 9 32 55 83 44 18

84 95 50 21 39 67 30
73 3 9 61 17 77 84

18 57 30 24
80 27 67 14

95 9 45
51 4 11

83 77 79 100 72
6 24 15 31 84

61 4 24 67
60 94 25 74

5
46

63 1 77 98 88 28 19
87 92 81 71 53 41 47

5 21 44 9 62
38 19 70 15 66

98 100
92 68

68 11 69 42 83 73 14
31 65 63 9 54 7 80

36
43

61 31 87 80 85
42 81 81 77 30

32 44 89 9 48
99 45 34 57 52

13 37 20 73 28 72 26 57 14 6
71 61 50 80 68 93 56 100 82 14

26 17 55 21 18 26 49 1 100 20
45 72 96 8 96 19 51 59 81 32

83 82 53 81 59 60 86
63 84 65 55 5 57 39

91 18 52 96 16 82 71
99 6 59 4 68 73 41

30 2
23 91

35 60 94 2
21 96 39 88

24 59 68 54 40 43 36 66 5 76
41 81 93 45 85 52 16 70 17 54

29 10 5 31 95 73
84 86 31 76 34 85

24 37 4 65
49 49 40 2

31 44 96 84
80 78 60 69

18 99 24 44 12 69 86
20 85 45 79 19 34 45

85 87 22 66 20 6 29 74 28
2 86 55 70 73 40 34 92 100

10 70 42 15 88 98 6 68 35
70 96 20 1 64 95 82 97 55

31 75 5
70 3 28

19 33 6 14
65 20 24 86

57 36 94 36 12 95 20 95
58 61 29 7 26 27 57 39

94 73 61 80 6 48 41
2 2 42 16 98 69 31

92 49 58 21 45
29 73 27 9 16

84 4 31 92 49 80 57 80
48 65 81 61 48 67 39 23

9 99 33 91 48 73
56 35 45 86 41 36

92 38 31 8
96 75 21 47

73 74 56 22 26 30 55
65 68 19 99 82 47 17

6 32
88 4

30 95 10 34 77 23 91 13
23 75 10 92 24 92 44 62

85 52 86 83 34 45 41 99 31 11
61 34 5 89 81 26 22 64 39 72

